# File ID /Users/paulross/PycharmProjects/TotalDepth/tmp/pymemtrace/L/20260606_105539_0_23879_O_0_PY3.13.13.log
# Clock LASRead LASSection LogRecord XhtmlStream RSS dRSS
0.558128    0    0    -1   0   46817280   0  
0.558606    0    0    0    0   46829568   0  
0.559115    0    0    1    0   46829568   0  
0.559241    0    0    0    0   46829568   0  
0.559383    0    0    -1   0   46829568   0  
0.561223    0    0    0    0   46850048   0  
0.561455    0    0    -1   0   46850048   0  
0.561971    0    0    0    0   46850048   0  
0.562213    0    0    -1   0   46858240   0  
0.562236    0    0    0    0   46858240   0  
0.562441    0    0    -1   0   46858240   0  
0.562622    1    0    -1   0   46858240   0  
0.563069    1    1    -1   0   46862336   0  
0.563562    1    2    -1   0   46870528   0  
0.565596    1    3    -1   0   46874624   0  
0.572772    1    4    -1   0   46891008   0  
0.812548    1    4    0    0   52641792   0  
0.812795    1    4    -1   0   52645888   0  
1.067885    1    4    0    0   52686848   0  
1.068113    1    4    -1   0   52686848   0  
1.080907    1    4    0    0   52686848   0  
1.081112    1    4    -1   0   52686848   0  
1.339001    1    4    0    0   52748288   0  
1.33923     1    4    -1   0   52748288   0  
1.576723    1    4    0    0   52801536   0  
1.576948    1    4    -1   0   52805632   0  
1.598793    1    4    0    0   52809728   0  
1.598998    1    4    -1   0   52809728   0  
1.854609    1    4    0    0   52854784   0  
1.854875    1    4    -1   0   52858880   0  
2.08088     1    4    0    0   52879360   0  
2.081118    1    4    -1   0   52879360   0  
2.11488     1    4    0    0   52899840   0  
2.115132    1    4    -1   0   52899840   0  
2.370166    1    4    0    0   52940800   0  
2.370413    1    4    -1   0   52940800   0  
2.587779    1    4    0    0   52985856   0  
2.587991    1    4    -1   0   52985856   0  
2.627909    1    4    0    0   52985856   0  
2.62811     1    4    -1   0   52985856   0  
2.888559    1    4    0    0   53026816   0  
2.888798    1    4    -1   0   53026816   0  
3.094745    1    4    0    0   53067776   0  
3.094961    1    4    -1   0   53067776   0  
3.146583    1    4    0    0   53067776   0  
3.146835    1    4    -1   0   53067776   0  
3.403068    1    4    0    0   53108736   0  
3.40335     1    4    -1   0   53108736   0  
3.60439     1    4    0    0   53633024   0  
3.604635    1    4    -1   0   53633024   0  
3.662738    1    4    0    0   53862400   0  
3.662961    1    4    -1   0   53862400   0  
3.736525    1    4    -1   1   52658176   0  
3.916964    1    4    0    1   53161984   0  
3.917197    1    4    -1   1   53161984   0  
4.109116    1    4    0    1   53166080   0  
4.109354    1    4    -1   1   53166080   0  
4.17603     1    4    0    1   53248000   0  
4.176264    1    4    -1   1   53248000   0  
4.429714    1    4    0    1   53248000   0  
4.435673    1    4    -1   1   53248000   0  
4.613201    1    4    0    1   53350400   0  
4.619849    1    4    -1   1   53350400   0  
4.693388    1    4    0    1   53350400   0  
4.693693    1    4    -1   1   53350400   0  
4.892327    1    4    0    1   53366784   0  
4.89271     1    4    -1   1   53366784   0  
5.069284    1    4    0    1   53366784   0  
5.069605    1    4    -1   1   53366784   0  
5.148738    1    4    0    1   53366784   0  
5.155075    1    4    -1   1   53366784   0  
5.413001    1    4    0    1   53374976   0  
5.413232    1    4    -1   1   53374976   0  
5.490033    1    4    -1   0   53379072   0  
5.490662    1    4    0    0   53379072   0  
5.490892    1    4    -1   0   53379072   0  
5.490914    1    4    0    0   53379072   0  
5.491093    1    4    -1   0   53379072   0  
5.491134    2    4    -1   0   53379072   0  
5.491386    2    5    -1   0   53379072   0  
5.491693    2    6    -1   0   53379072   0  
5.493436    2    7    -1   0   53379072   0  
5.499475    2    8    -1   0   53379072   0  
5.571578    2    8    0    0   59883520   0  
5.577679    2    8    -1   0   59883520   0  
5.672712    2    8    0    0   59883520   0  
5.672935    2    8    -1   0   59883520   0  
5.932121    2    8    0    0   59916288   0  
5.93237     2    8    -1   0   59916288   0  
6.087468    2    8    0    0   59949056   0  
6.087681    2    8    -1   0   59949056   0  
6.192799    2    8    0    0   59981824   0  
6.193008    2    8    -1   0   59981824   0  
6.45409     2    8    0    0   60014592   0  
6.454327    2    8    -1   0   60014592   0  
6.594772    2    8    0    0   60047360   0  
6.595033    2    8    -1   0   60047360   0  
6.712542    2    8    0    0   60047360   0  
6.712753    2    8    -1   0   60047360   0  
6.970672    2    8    0    0   60112896   0  
6.970912    2    8    -1   0   60112896   0  
7.102843    2    8    0    0   60112896   0  
7.10335     2    8    -1   0   60116992   0  
7.229048    2    8    0    0   60149760   0  
7.235717    2    8    -1   0   60149760   0  
7.491936    2    8    0    0   60182528   0  
7.492342    2    8    -1   0   60182528   0  
7.608764    2    8    0    0   60215296   0  
7.60901     2    8    -1   0   60215296   0  
7.749243    2    8    0    0   60215296   0  
7.749493    2    8    -1   0   60215296   0  
8.007564    2    8    0    0   60248064   0  
8.007785    2    8    -1   0   60248064   0  
8.117616    2    8    0    0   60280832   0  
8.117832    2    8    -1   0   60280832   0  
8.265915    2    8    0    0   60280832   0  
8.266129    2    8    -1   0   60280832   0  
8.526549    2    8    0    0   60346368   0  
8.526794    2    8    -1   0   60346368   0  
8.623388    2    8    0    0   60346368   0  
8.623632    2    8    -1   0   60346368   0  
8.785774    2    8    0    0   60379136   0  
8.78597     2    8    -1   0   60379136   0  
9.045138    2    8    0    0   60411904   0  
9.0455      2    8    -1   0   60411904   0  
9.132008    2    8    0    0   60444672   0  
9.132252    2    8    -1   0   60444672   0  
9.30712     2    8    0    0   60444672   0  
9.307335    2    8    -1   0   60444672   0  
9.564331    2    8    0    0   60510208   0  
9.564569    2    8    -1   0   60510208   0  
9.641045    2    8    0    0   60510208   0  
9.641276    2    8    -1   0   60510208   0  
9.825606    2    8    0    0   60542976   0  
9.82585     2    8    -1   0   60542976   0  
10.086718   2    8    0    0   60575744   0  
10.086923   2    8    -1   0   60575744   0  
10.150829   2    8    0    0   60608512   0  
10.15108    2    8    -1   0   60608512   0  
10.34811    2    8    0    0   60641280   0  
10.348357   2    8    -1   0   60641280   0  
10.607022   2    8    0    0   60674048   0  
10.607237   2    8    -1   0   60678144   0  
10.657848   2    8    0    0   60678144   0  
10.658039   2    8    -1   0   60678144   0  
10.868229   2    8    0    0   60710912   0  
10.868494   2    8    -1   0   60710912   0  
11.125175   2    8    0    0   61255680   0  
11.125382   2    8    -1   0   61255680   0  
11.168035   2    8    0    0   61419520   0  
11.168226   2    8    -1   0   61419520   0  
11.222869   2    8    -1   1   56086528   0  
11.384295   2    8    0    1   56320000   0  
11.384507   2    8    -1   1   56320000   0  
11.640834   2    8    0    1   56467456   0  
11.641066   2    8    -1   1   56467456   0  
11.677052   2    8    0    1   56467456   0  
11.677275   2    8    -1   1   56467456   0  
11.896155   2    8    0    1   56467456   0  
11.896383   2    8    -1   1   56467456   0  
12.156816   2    8    0    1   56483840   0  
12.157023   2    8    -1   1   56483840   0  
12.188198   2    8    0    1   56483840   0  
12.188417   2    8    -1   1   56483840   0  
12.417395   2    8    0    1   56483840   0  
12.417628   2    8    -1   1   56483840   0  
12.674323   2    8    0    1   56483840   0  
12.674529   2    8    -1   1   56483840   0  
12.685339   2    8    -1   0   56483840   0  
12.685955   2    8    0    0   56483840   0  
12.686197   2    8    -1   0   56483840   0  
12.686218   2    8    0    0   56483840   0  
12.686392   2    8    -1   0   56483840   0  
12.686437   3    8    -1   0   56483840   0  
12.686768   3    9    -1   0   56483840   0  
12.687084   3    10   -1   0   56483840   0  
12.689101   3    11   -1   0   56483840   0  
12.695592   3    12   -1   0   56487936   0  
12.697053   3    12   0    0   56487936   0  
12.697311   3    12   -1   0   56487936   0  
12.931915   3    12   0    0   63639552   0  
12.932184   3    12   -1   0   63639552   0  
13.191337   3    12   0    0   63680512   0  
13.191574   3    12   -1   0   63680512   0  
13.204514   3    12   0    0   63680512   0  
13.204726   3    12   -1   0   63680512   0  
13.449859   3    12   0    0   63721472   0  
13.450085   3    12   -1   0   63721472   0  
13.709483   3    12   0    0   63762432   0  
13.70972    3    12   -1   0   63762432   0  
13.722261   3    12   0    0   63762432   0  
13.722472   3    12   -1   0   63762432   0  
13.983802   3    12   0    0   63844352   0  
13.984061   3    12   -1   0   63844352   0  
14.21861    3    12   0    0   63885312   0  
14.218842   3    12   -1   0   63885312   0  
14.244601   3    12   0    0   63885312   0  
14.24481    3    12   -1   0   63885312   0  
14.506245   3    12   0    0   63926272   0  
14.506455   3    12   -1   0   63926272   0  
14.726796   3    12   0    0   63967232   0  
14.727008   3    12   -1   0   63967232   0  
14.764337   3    12   0    0   64008192   0  
14.764574   3    12   -1   0   64008192   0  
15.021632   3    12   0    0   64049152   0  
15.021873   3    12   -1   0   64049152   0  
15.237248   3    12   0    0   64090112   0  
15.237479   3    12   -1   0   64090112   0  
15.278766   3    12   0    0   64090112   0  
15.278952   3    12   -1   0   64090112   0  
15.534663   3    12   0    0   64131072   0  
15.534902   3    12   -1   0   64131072   0  
15.743296   3    12   0    0   64172032   0  
15.743509   3    12   -1   0   64172032   0  
15.794462   3    12   0    0   64212992   0  
15.794648   3    12   -1   0   64212992   0  
16.054034   3    12   0    0   64253952   0  
16.054269   3    12   -1   0   64253952   0  
16.254649   3    12   0    0   64294912   0  
16.254881   3    12   -1   0   64294912   0  
16.315619   3    12   0    0   64307200   0  
16.321323   3    12   -1   0   64307200   0  
16.582193   3    12   0    0   64389120   0  
16.58245    3    12   -1   0   64389120   0  
16.76472    3    12   0    0   64393216   0  
16.764954   3    12   -1   0   64393216   0  
16.839587   3    12   0    0   64434176   0  
16.839821   3    12   -1   0   64434176   0  
17.097418   3    12   0    0   64475136   0  
17.103651   3    12   -1   0   64475136   0  
17.270804   3    12   0    0   64516096   0  
17.271047   3    12   -1   0   64516096   0  
17.359127   3    12   0    0   64516096   0  
17.359352   3    12   -1   0   64516096   0  
17.619263   3    12   0    0   64557056   0  
17.619482   3    12   -1   0   64557056   0  
17.778202   3    12   0    0   64598016   0  
17.784932   3    12   -1   0   64598016   0  
17.880916   3    12   0    0   64638976   0  
17.881158   3    12   -1   0   64638976   0  
18.137121   3    12   0    0   64679936   0  
18.137354   3    12   -1   0   64679936   0  
18.295007   3    12   0    0   64720896   0  
18.295206   3    12   -1   0   64720896   0  
18.398881   3    12   0    0   64720896   0  
18.399091   3    12   -1   0   64720896   0  
18.659022   3    12   0    0   65404928   0  
18.659257   3    12   -1   0   65404928   0  
18.753345   3    12   -1   1   61198336   0  
18.800847   3    12   0    1   61210624   0  
18.801091   3    12   -1   1   61210624   0  
18.915191   3    12   0    1   61448192   0  
18.915405   3    12   -1   1   61448192   0  
19.174633   3    12   0    1   61562880   0  
19.174847   3    12   -1   1   61562880   0  
19.307774   3    12   0    1   61562880   0  
19.308021   3    12   -1   1   61562880   0  
19.431314   3    12   0    1   61562880   0  
19.431576   3    12   -1   1   61562880   0  
19.69115    3    12   0    1   61575168   0  
19.691361   3    12   -1   1   61575168   0  
19.815434   3    12   0    1   61603840   0  
19.815645   3    12   -1   1   61603840   0  
19.950585   3    12   0    1   61603840   0  
19.950802   3    12   -1   1   61603840   0  
20.204932   3    12   0    1   61673472   0  
20.205171   3    12   -1   1   61673472   0  
20.31993    3    12   0    1   61751296   0  
20.320169   3    12   -1   1   61751296   0  
20.446115   3    12   -1   0   61792256   0  
20.446683   3    12   0    0   61792256   0  
20.447373   3    12   -1   0   61792256   0  
20.447473   3    12   0    0   61792256   0  
20.447882   3    12   -1   0   61792256   0  
20.447987   4    12   -1   0   61792256   0  
20.448623   4    13   -1   0   61796352   0  
20.449189   4    14   -1   0   61796352   0  
20.451068   4    15   -1   0   61796352   0  
20.456383   4    16   -1   0   61796352   0  
20.458947   4    16   0    0   61800448   0  
20.459145   4    16   -1   0   61800448   0  
20.719041   4    16   0    0   68300800   0  
20.719254   4    16   -1   0   68300800   0  
20.826869   4    16   0    0   68300800   0  
20.827224   4    16   -1   0   68300800   0  
20.975085   4    16   0    0   68341760   0  
20.975317   4    16   -1   0   68341760   0  
21.232197   4    16   0    0   68382720   0  
21.232411   4    16   -1   0   68382720   0  
21.335171   4    16   0    0   68423680   0  
21.335391   4    16   -1   0   68423680   0  
21.487485   4    16   0    0   68435968   0  
21.487784   4    16   -1   0   68440064   0  
21.744522   4    16   0    0   68521984   0  
21.744735   4    16   -1   0   68521984   0  
21.844858   4    16   0    0   68521984   0  
21.845065   4    16   -1   0   68521984   0  
22.003132   4    16   0    0   68562944   0  
22.003408   4    16   -1   0   68562944   0  
22.25925    4    16   0    0   68603904   0  
22.259511   4    16   -1   0   68603904   0  
22.353882   4    16   0    0   68603904   0  
22.354137   4    16   -1   0   68608000   0  
22.518088   4    16   0    0   68648960   0  
22.518307   4    16   -1   0   68648960   0  
22.778783   4    16   0    0   68689920   0  
22.779031   4    16   -1   0   68689920   0  
22.862762   4    16   0    0   68730880   0  
22.86934    4    16   -1   0   68730880   0  
23.034894   4    16   0    0   68730880   0  
23.035152   4    16   -1   0   68730880   0  
23.2955     4    16   0    0   68812800   0  
23.301639   4    16   -1   0   68812800   0  
23.379216   4    16   0    0   68816896   0  
23.379441   4    16   -1   0   68816896   0  
23.560097   4    16   0    0   68857856   0  
23.560331   4    16   -1   0   68857856   0  
23.820792   4    16   0    0   68898816   0  
23.821026   4    16   -1   0   68898816   0  
23.888685   4    16   0    0   68939776   0  
23.888895   4    16   -1   0   68939776   0  
24.076383   4    16   0    0   68980736   0  
24.076692   4    16   -1   0   68980736   0  
24.313215   4    16   0    0   69021696   0  
24.31345    4    16   -1   0   69021696   0  
24.367701   4    16   0    0   69021696   0  
24.36791    4    16   -1   0   69021696   0  
24.569739   4    16   0    0   69062656   0  
24.570116   4    16   -1   0   69062656   0  
24.830133   4    16   0    0   69103616   0  
24.830366   4    16   -1   0   69103616   0  
24.875969   4    16   0    0   69103616   0  
24.876219   4    16   -1   0   69103616   0  
25.090112   4    16   0    0   69144576   0  
25.090348   4    16   -1   0   69144576   0  
25.350465   4    16   0    0   69185536   0  
25.350702   4    16   -1   0   69185536   0  
25.384437   4    16   0    0   69185536   0  
25.38465    4    16   -1   0   69185536   0  
25.609819   4    16   0    0   69226496   0  
25.610072   4    16   -1   0   69226496   0  
25.869959   4    16   0    0   69308416   0  
25.870196   4    16   -1   0   69308416   0  
25.892085   4    16   0    0   69308416   0  
25.892295   4    16   -1   0   69308416   0  
26.128822   4    16   0    0   69349376   0  
26.129067   4    16   -1   0   69353472   0  
26.389743   4    16   0    0   69394432   0  
26.389974   4    16   -1   0   69394432   0  
26.402188   4    16   0    0   69394432   0  
26.402391   4    16   -1   0   69394432   0  
26.649236   4    16   0    0   69435392   0  
26.649479   4    16   -1   0   69435392   0  
26.910062   4    16   0    0   69517312   0  
26.910291   4    16   -1   0   69517312   0  
26.923215   4    16   0    0   69517312   0  
26.923392   4    16   -1   0   69517312   0  
27.183321   4    16   0    0   69668864   0  
27.183563   4    16   -1   0   69668864   0  
27.421524   4    16   0    0   71041024   0  
27.421773   4    16   -1   0   71041024   0  
27.44507    4    16   0    0   71110656   0  
27.445278   4    16   -1   0   71110656   0  
27.476742   4    16   -1   1   66060288   0  
27.705224   4    16   0    1   66170880   0  
27.705438   4    16   -1   1   66170880   0  
27.927061   4    16   0    1   66375680   0  
27.927407   4    16   -1   1   66375680   0  
27.966562   4    16   0    1   66375680   0  
27.966779   4    16   -1   1   66375680   0  
28.22365    4    16   0    1   66375680   0  
28.223891   4    16   -1   1   66375680   0  
28.438859   4    16   0    1   66269184   0  
28.43906    4    16   -1   1   66269184   0  
28.484861   4    16   0    1   66269184   0  
28.48539    4    16   -1   1   66269184   0  
28.742102   4    16   0    1   66285568   0  
28.742336   4    16   -1   1   66285568   0  
28.948702   4    16   0    1   66162688   0  
28.948933   4    16   -1   1   66162688   0  
29.003072   4    16   0    1   66162688   0  
29.003305   4    16   -1   1   66162688   0  
29.262393   4    16   0    1   66117632   0  
29.262603   4    16   -1   1   66117632   0  
29.45909    4    16   0    1   66117632   0  
29.465728   4    16   -1   1   66117632   0  
29.483253   4    16   -1   0   66117632   0  
29.484055   4    16   0    0   66117632   0  
29.484371   4    16   -1   0   66117632   0  
29.484402   4    16   0    0   66117632   0  
29.484661   4    16   -1   0   66117632   0  
29.484712   5    16   -1   0   66117632   0  
29.485041   5    17   -1   0   66117632   0  
29.485486   5    18   -1   0   66117632   0  
29.488088   5    19   -1   0   66117632   0  
29.496242   5    20   -1   0   66117632   0  
29.517465   5    20   0    0   66453504   0  
29.517755   5    20   -1   0   66453504   0  
29.777952   5    20   0    0   71696384   0  
29.778194   5    20   -1   0   71696384   0  
29.973888   5    20   0    0   71696384   0  
29.974121   5    20   -1   0   71696384   0  
30.038971   5    20   0    0   71737344   0  
30.039158   5    20   -1   0   71737344   0  
30.298169   5    20   0    0   71778304   0  
30.2984     5    20   -1   0   71778304   0  
30.481635   5    20   0    0   71819264   0  
30.481871   5    20   -1   0   71819264   0  
30.556704   5    20   0    0   71819264   0  
30.556928   5    20   -1   0   71819264   0  
30.814607   5    20   0    0   71860224   0  
30.814844   5    20   -1   0   71860224   0  
30.990092   5    20   0    0   71901184   0  
30.996408   5    20   -1   0   71901184   0  
31.075912   5    20   0    0   71942144   0  
31.076137   5    20   -1   0   71942144   0  
31.335117   5    20   0    0   71983104   0  
31.335324   5    20   -1   0   71983104   0  
31.507307   5    20   0    0   72024064   0  
31.514061   5    20   -1   0   72024064   0  
31.596197   5    20   0    0   72024064   0  
31.596435   5    20   -1   0   72024064   0  
31.857031   5    20   0    0   72065024   0  
31.857373   5    20   -1   0   72065024   0  
32.02319    5    20   0    0   72105984   0  
32.029794   5    20   -1   0   72105984   0  
32.114469   5    20   0    0   72105984   0  
32.114715   5    20   -1   0   72105984   0  
32.373134   5    20   0    0   72187904   0  
32.373367   5    20   -1   0   72187904   0  
32.53722    5    20   0    0   72187904   0  
32.537448   5    20   -1   0   72187904   0  
32.631237   5    20   0    0   72228864   0  
32.636666   5    20   -1   0   72228864   0  
32.896302   5    20   0    0   72269824   0  
32.902918   5    20   -1   0   72269824   0  
33.047631   5    20   0    0   72310784   0  
33.047864   5    20   -1   0   72310784   0  
33.161601   5    20   0    0   72310784   0  
33.161837   5    20   -1   0   72310784   0  
33.417455   5    20   0    0   72351744   0  
33.417689   5    20   -1   0   72351744   0  
33.555125   5    20   0    0   72392704   0  
33.555356   5    20   -1   0   72392704   0  
33.67473    5    20   0    0   72433664   0  
33.674964   5    20   -1   0   72433664   0  
33.9344     5    20   0    0   72474624   0  
33.934702   5    20   -1   0   72474624   0  
34.066412   5    20   0    0   72474624   0  
34.066647   5    20   -1   0   72474624   0  
34.192095   5    20   0    0   72515584   0  
34.192327   5    20   -1   0   72515584   0  
34.450419   5    20   0    0   72560640   0  
34.450662   5    20   -1   0   72560640   0  
34.577689   5    20   0    0   72601600   0  
34.577896   5    20   -1   0   72601600   0  
34.708155   5    20   0    0   72601600   0  
34.708445   5    20   -1   0   72601600   0  
34.965167   5    20   0    0   72683520   0  
34.965555   5    20   -1   0   72683520   0  
35.085349   5    20   0    0   72683520   0  
35.085593   5    20   -1   0   72683520   0  
35.22678    5    20   0    0   72724480   0  
35.226987   5    20   -1   0   72724480   0  
35.487781   5    20   0    0   72765440   0  
35.488017   5    20   -1   0   72765440   0  
35.595023   5    20   0    0   72765440   0  
35.595263   5    20   -1   0   72765440   0  
35.746919   5    20   0    0   72806400   0  
35.747154   5    20   -1   0   72806400   0  
36.004429   5    20   0    0   72847360   0  
36.004666   5    20   -1   0   72847360   0  
36.101709   5    20   0    0   72888320   0  
36.101948   5    20   -1   0   72888320   0  
36.263003   5    20   0    0   72929280   0  
36.263228   5    20   -1   0   72929280   0  
36.519644   5    20   0    0   73109504   0  
36.519856   5    20   -1   0   73109504   0  
36.611686   5    20   0    0   73428992   0  
36.611932   5    20   -1   0   73428992   0  
36.778632   5    20   0    0   74563584   0  
36.778871   5    20   -1   0   74563584   0  
36.807579   5    20   -1   1   70529024   0  
37.039829   5    20   0    1   70598656   0  
37.040314   5    20   -1   1   70598656   0  
37.121003   5    20   0    1   70598656   0  
37.121243   5    20   -1   1   70598656   0  
37.300208   5    20   0    1   70647808   0  
37.300423   5    20   -1   1   70647808   0  
37.558451   5    20   0    1   70647808   0  
37.558681   5    20   -1   1   70647808   0  
37.631594   5    20   0    1   70647808   0  
37.631832   5    20   -1   1   70647808   0  
37.818746   5    20   0    1   70647808   0  
37.818977   5    20   -1   1   70647808   0  
38.081118   5    20   0    1   70647808   0  
38.081343   5    20   -1   1   70647808   0  
38.143016   5    20   0    1   70647808   0  
38.143298   5    20   -1   1   70647808   0  
38.338334   5    20   0    1   70647808   0  
38.338565   5    20   -1   1   70647808   0  
38.597562   5    20   0    1   70647808   0  
38.597886   5    20   -1   1   70647808   0  
38.653732   5    20   0    1   70647808   0  
38.653963   5    20   -1   1   70647808   0  
38.854911   5    20   0    1   70647808   0  
38.855112   5    20   -1   1   70647808   0  
38.875612   5    20   -1   0   70647808   0  
38.876769   5    20   0    0   70647808   0  
38.877317   5    20   -1   0   70647808   0  
38.877361   5    20   0    0   70647808   0  
38.877739   5    20   -1   0   70647808   0  
38.877822   6    20   -1   0   70647808   0  
38.878463   6    21   -1   0   70647808   0  
38.878929   6    22   -1   0   70647808   0  
38.880915   6    23   -1   0   70647808   0  
38.890952   6    24   -1   0   70647808   0  
39.112682   6    24   0    0   75042816   0  
39.112926   6    24   -1   0   75042816   0  
39.164087   6    24   0    0   75071488   0  
39.164326   6    24   -1   0   75071488   0  
39.371969   6    24   0    0   75100160   0  
39.372206   6    24   -1   0   75100160   0  
39.629916   6    24   0    0   75132928   0  
39.630157   6    24   -1   0   75132928   0  
39.674679   6    24   0    0   75132928   0  
39.674898   6    24   -1   0   75132928   0  
39.890821   6    24   0    0   75161600   0  
39.891066   6    24   -1   0   75161600   0  
40.151209   6    24   0    0   75190272   0  
40.151498   6    24   -1   0   75190272   0  
40.184112   6    24   0    0   75190272   0  
40.184465   6    24   -1   0   75190272   0  
40.410071   6    24   0    0   75218944   0  
40.410307   6    24   -1   0   75218944   0  
40.66869    6    24   0    0   75247616   0  
40.668928   6    24   -1   0   75247616   0  
40.695399   6    24   0    0   75276288   0  
40.695608   6    24   -1   0   75276288   0  
40.924735   6    24   0    0   75304960   0  
40.92498    6    24   -1   0   75304960   0  
41.186327   6    24   0    0   75333632   0  
41.186561   6    24   -1   0   75333632   0  
41.205378   6    24   0    0   75333632   0  
41.20558    6    24   -1   0   75333632   0  
41.44751    6    24   0    0   75362304   0  
41.447735   6    24   -1   0   75362304   0  
41.706441   6    24   0    0   75390976   0  
41.706685   6    24   -1   0   75390976   0  
41.713669   6    24   0    0   75390976   0  
41.713879   6    24   -1   0   75390976   0  
41.966754   6    24   0    0   75419648   0  
41.966994   6    24   -1   0   75419648   0  
42.223637   6    24   0    0   75476992   0  
42.223842   6    24   -1   0   75476992   0  
42.234853   6    24   0    0   75476992   0  
42.235184   6    24   -1   0   75476992   0  
42.490286   6    24   0    0   75505664   0  
42.4971     6    24   -1   0   75505664   0  
42.729086   6    24   0    0   75534336   0  
42.72933    6    24   -1   0   75534336   0  
42.755441   6    24   0    0   75534336   0  
42.755755   6    24   -1   0   75534336   0  
43.016274   6    24   0    0   75563008   0  
43.016502   6    24   -1   0   75563008   0  
43.238329   6    24   0    0   75591680   0  
43.243706   6    24   -1   0   75591680   0  
43.275797   6    24   0    0   75591680   0  
43.281342   6    24   -1   0   75591680   0  
43.54098    6    24   0    0   75649024   0  
43.541194   6    24   -1   0   75649024   0  
43.752658   6    24   0    0   75649024   0  
43.752947   6    24   -1   0   75649024   0  
43.799187   6    24   0    0   75677696   0  
43.79947    6    24   -1   0   75677696   0  
44.053939   6    24   0    0   75706368   0  
44.054246   6    24   -1   0   75706368   0  
44.263075   6    24   0    0   75706368   0  
44.263454   6    24   -1   0   75706368   0  
44.310637   6    24   0    0   75735040   0  
44.310862   6    24   -1   0   75735040   0  
44.568955   6    24   0    0   75763712   0  
44.57496    6    24   -1   0   75763712   0  
44.771957   6    24   0    0   75792384   0  
44.772197   6    24   -1   0   75792384   0  
44.834987   6    24   0    0   75792384   0  
44.835202   6    24   -1   0   75792384   0  
45.096028   6    24   0    0   75825152   0  
45.102646   6    24   -1   0   75825152   0  
45.278401   6    24   0    0   75853824   0  
45.278646   6    24   -1   0   75853824   0  
45.362265   6    24   0    0   75853824   0  
45.362526   6    24   -1   0   75853824   0  
45.619087   6    24   0    0   75882496   0  
45.619301   6    24   -1   0   75882496   0  
45.789764   6    24   0    0   75911168   0  
45.790004   6    24   -1   0   75911168   0  
45.875963   6    24   0    0   75939840   0  
45.876198   6    24   -1   0   75939840   0  
46.132917   6    24   0    0   75968512   0  
46.133153   6    24   -1   0   75968512   0  
46.301697   6    24   0    0   76509184   0  
46.301918   6    24   -1   0   76509184   0  
46.393426   6    24   0    0   77426688   0  
46.393661   6    24   -1   0   77426688   0  
46.468646   6    24   -1   1   74555392   0  
46.654266   6    24   0    1   74825728   0  
46.654511   6    24   -1   1   74825728   0  
46.807336   6    24   0    1   74825728   0  
46.807571   6    24   -1   1   74825728   0  
46.913758   6    24   0    1   74825728   0  
46.913975   6    24   -1   1   74825728   0  
47.166395   6    24   0    1   74825728   0  
47.166687   6    24   -1   1   74825728   0  
47.313226   6    24   0    1   74825728   0  
47.313452   6    24   -1   1   74825728   0  
47.427112   6    24   0    1   74825728   0  
47.427327   6    24   -1   1   74825728   0  
47.687309   6    24   0    1   74825728   0  
47.687626   6    24   -1   1   74825728   0  
47.820162   6    24   0    1   74825728   0  
47.820408   6    24   -1   1   74825728   0  
47.946461   6    24   0    1   74825728   0  
47.946723   6    24   -1   1   74825728   0  
48.208216   6    24   0    1   74825728   0  
48.214173   6    24   -1   1   74825728   0  
48.330868   6    24   0    1   74846208   0  
48.331344   6    24   -1   1   74846208   0  
48.452682   6    24   -1   0   74846208   0  
48.453939   6    24   0    0   74846208   0  
48.454516   6    24   -1   0   74846208   0  
48.454563   6    24   0    0   74846208   0  
48.454995   6    24   -1   0   74846208   0  
48.455084   7    24   -1   0   74846208   0  
48.455693   7    25   -1   0   74846208   0  
48.456109   7    26   -1   0   74846208   0  
48.458818   7    27   -1   0   74846208   0  
48.470901   7    27   0    0   74846208   0  
48.47119    7    27   -1   0   74846208   0  
48.472264   7    28   -1   0   74846208   0  
48.729723   7    28   0    0   82890752   0  
48.729967   7    28   -1   0   82890752   0  
48.837385   7    28   0    0   82944000   0  
48.837627   7    28   -1   0   82944000   0  
48.989357   7    28   0    0   82944000   0  
48.989595   7    28   -1   0   82948096   0  
49.250216   7    28   0    0   83001344   0  
49.250463   7    28   -1   0   83001344   0  
49.346536   7    28   0    0   83001344   0  
49.34673    7    28   -1   0   83001344   0  
49.506917   7    28   0    0   83054592   0  
49.507151   7    28   -1   0   83054592   0  
49.768286   7    28   0    0   83107840   0  
49.768535   7    28   -1   0   83107840   0  
49.853329   7    28   0    0   83107840   0  
49.853577   7    28   -1   0   83107840   0  
50.028523   7    28   0    0   83161088   0  
50.02873    7    28   -1   0   83161088   0  
50.288371   7    28   0    0   83214336   0  
50.288605   7    28   -1   0   83214336   0  
50.361616   7    28   0    0   83214336   0  
50.361833   7    28   -1   0   83214336   0  
50.548815   7    28   0    0   83267584   0  
50.549043   7    28   -1   0   83267584   0  
50.807715   7    28   0    0   83320832   0  
50.807948   7    28   -1   0   83320832   0  
50.867042   7    28   0    0   83320832   0  
50.867252   7    28   -1   0   83320832   0  
51.068671   7    28   0    0   83374080   0  
51.068926   7    28   -1   0   83374080   0  
51.327217   7    28   0    0   83427328   0  
51.327425   7    28   -1   0   83427328   0  
51.376994   7    28   0    0   83427328   0  
51.377223   7    28   -1   0   83427328   0  
51.587661   7    28   0    0   83480576   0  
51.587886   7    28   -1   0   83480576   0  
51.84705    7    28   0    0   83533824   0  
51.847289   7    28   -1   0   83533824   0  
51.88481    7    28   0    0   83533824   0  
51.885018   7    28   -1   0   83533824   0  
52.10536    7    28   0    0   83587072   0  
52.105598   7    28   -1   0   83587072   0  
52.363043   7    28   0    0   83587072   0  
52.363346   7    28   -1   0   83587072   0  
52.391515   7    28   0    0   83587072   0  
52.391786   7    28   -1   0   83587072   0  
52.624547   7    28   0    0   83640320   0  
52.624788   7    28   -1   0   83640320   0  
52.879714   7    28   0    0   83693568   0  
52.879945   7    28   -1   0   83693568   0  
52.898362   7    28   0    0   83693568   0  
52.89857    7    28   -1   0   83693568   0  
53.140824   7    28   0    0   83746816   0  
53.146288   7    28   -1   0   83746816   0  
53.402506   7    28   0    0   83800064   0  
53.402795   7    28   -1   0   83800064   0  
53.415567   7    28   0    0   83800064   0  
53.415769   7    28   -1   0   83800064   0  
53.671032   7    28   0    0   83853312   0  
53.671346   7    28   -1   0   83853312   0  
53.912254   7    28   0    0   83906560   0  
53.912511   7    28   -1   0   83906560   0  
53.93035    7    28   0    0   83906560   0  
53.930576   7    28   -1   0   83906560   0  
54.165544   7    28   0    0   83906560   0  
54.165834   7    28   -1   0   83906560   0  
54.397672   7    28   0    0   83959808   0  
54.397905   7    28   -1   0   83959808   0  
54.427357   7    28   0    0   83963904   0  
54.427567   7    28   -1   0   83963904   0  
54.685636   7    28   0    0   84017152   0  
54.685876   7    28   -1   0   84017152   0  
54.908226   7    28   0    0   84070400   0  
54.908463   7    28   -1   0   84070400   0  
54.943384   7    28   0    0   84070400   0  
54.943596   7    28   -1   0   84070400   0  
55.203125   7    28   0    0   84123648   0  
55.203364   7    28   -1   0   84123648   0  
55.418966   7    28   0    0   84176896   0  
55.419195   7    28   -1   0   84176896   0  
55.460322   7    28   0    0   84176896   0  
55.46053    7    28   -1   0   84176896   0  
55.721983   7    28   0    0   84230144   0  
55.722344   7    28   -1   0   84230144   0  
55.929069   7    28   0    0   84283392   0  
55.929302   7    28   -1   0   84283392   0  
55.984237   7    28   0    0   84283392   0  
55.984446   7    28   -1   0   84283392   0  
56.245285   7    28   0    0   84336640   0  
56.245522   7    28   -1   0   84336640   0  
56.438287   7    28   0    0   84336640   0  
56.438515   7    28   -1   0   84336640   0  
56.505168   7    28   0    0   84389888   0  
56.50538    7    28   -1   0   84389888   0  
56.766402   7    28   0    0   84443136   0  
56.766669   7    28   -1   0   84443136   0  
56.948646   7    28   0    0   84443136   0  
56.948883   7    28   -1   0   84443136   0  
57.026157   7    28   0    0   84496384   0  
57.026368   7    28   -1   0   84496384   0  
57.287015   7    28   0    0   84496384   0  
57.287258   7    28   -1   0   84496384   0  
57.459949   7    28   0    0   84549632   0  
57.460182   7    28   -1   0   84549632   0  
57.545276   7    28   0    0   84549632   0  
57.545527   7    28   -1   0   84549632   0  
57.806266   7    28   0    0   84602880   0  
57.812808   7    28   -1   0   84602880   0  
57.970401   7    28   0    0   84656128   0  
57.970633   7    28   -1   0   84656128   0  
58.071841   7    28   0    0   84873216   0  
58.072094   7    28   -1   0   84873216   0  
58.329189   7    28   0    0   86298624   0  
58.32942    7    28   -1   0   86298624   0  
58.359134   7    28   -1   1   80261120   0  
58.480509   7    28   0    1   80539648   0  
58.480736   7    28   -1   1   80539648   0  
58.588905   7    28   0    1   80404480   0  
58.589139   7    28   -1   1   80404480   0  
58.845123   7    28   0    1   80412672   0  
58.845561   7    28   -1   1   80412672   0  
58.990365   7    28   0    1   80551936   0  
58.9906     7    28   -1   1   80551936   0  
59.10473    7    28   0    1   80551936   0  
59.104947   7    28   -1   1   80551936   0  
59.364104   7    28   0    1   80416768   0  
59.371053   7    28   -1   1   80416768   0  
59.497729   7    28   0    1   80416768   0  
59.497961   7    28   -1   1   80416768   0  
59.625206   7    28   0    1   80486400   0  
59.626044   7    28   -1   1   80486400   0  
59.885663   7    28   0    1   80486400   0  
59.885906   7    28   -1   1   80486400   0  
60.005474   7    28   0    1   80486400   0  
60.005696   7    28   -1   1   80486400   0  
60.14299    7    28   0    1   80486400   0  
60.143237   7    28   -1   1   80486400   0  
60.402104   7    28   0    1   80486400   0  
60.402334   7    28   -1   1   80486400   0  
60.516823   7    28   0    1   80486400   0  
60.517038   7    28   -1   1   80486400   0  
60.657615   7    28   -1   0   80486400   0  
60.658247   7    28   0    0   80486400   0  
60.6585     7    28   -1   0   80486400   0  
60.658861   7    28   0    0   80486400   0  
60.65909    7    28   -1   0   80486400   0  
60.659113   7    28   0    0   80486400   0  
60.659312   7    28   -1   0   80486400   0  
60.659463   8    28   -1   0   80486400   0  
60.659984   8    29   -1   0   80486400   0  
60.660362   8    30   -1   0   80486400   0  
60.662505   8    31   -1   0   80486400   0  
60.674825   8    32   -1   0   80494592   0  
60.914868   8    32   0    0   86986752   0  
60.915111   8    32   -1   0   86986752   0  
61.025783   8    32   0    0   87027712   0  
61.026029   8    32   -1   0   87027712   0  
61.17671    8    32   0    0   87031808   0  
61.176943   8    32   -1   0   87031808   0  
61.43753    8    32   0    0   87072768   0  
61.437767   8    32   -1   0   87072768   0  
61.536865   8    32   0    0   87072768   0  
61.537083   8    32   -1   0   87072768   0  
61.697051   8    32   0    0   87113728   0  
61.697296   8    32   -1   0   87113728   0  
61.95662    8    32   0    0   87154688   0  
61.956859   8    32   -1   0   87154688   0  
62.047705   8    32   0    0   87154688   0  
62.047913   8    32   -1   0   87154688   0  
62.21597    8    32   0    0   87195648   0  
62.216214   8    32   -1   0   87195648   0  
62.472973   8    32   0    0   87236608   0  
62.473208   8    32   -1   0   87236608   0  
62.555663   8    32   0    0   87236608   0  
62.555878   8    32   -1   0   87236608   0  
62.733713   8    32   0    0   87277568   0  
62.733952   8    32   -1   0   87277568   0  
62.995164   8    32   0    0   87318528   0  
62.99541    8    32   -1   0   87318528   0  
63.06409    8    32   0    0   87318528   0  
63.064302   8    32   -1   0   87318528   0  
63.252518   8    32   0    0   87318528   0  
63.252755   8    32   -1   0   87318528   0  
63.509617   8    32   0    0   87359488   0  
63.509853   8    32   -1   0   87359488   0  
63.574295   8    32   0    0   87400448   0  
63.574549   8    32   -1   0   87400448   0  
63.769022   8    32   0    0   87400448   0  
63.769261   8    32   -1   0   87400448   0  
64.028253   8    32   0    0   87441408   0  
64.028492   8    32   -1   0   87441408   0  
64.083103   8    32   0    0   87441408   0  
64.083313   8    32   -1   0   87441408   0  
64.286849   8    32   0    0   87482368   0  
64.287226   8    32   -1   0   87482368   0  
64.546197   8    32   0    0   87523328   0  
64.546433   8    32   -1   0   87523328   0  
64.593271   8    32   0    0   87523328   0  
64.593504   8    32   -1   0   87523328   0  
64.804873   8    32   0    0   87564288   0  
64.805116   8    32   -1   0   87564288   0  
65.062944   8    32   0    0   87605248   0  
65.069151   8    32   -1   0   87605248   0  
65.101868   8    32   0    0   87605248   0  
65.102088   8    32   -1   0   87605248   0  
65.329836   8    32   0    0   87646208   0  
65.330072   8    32   -1   0   87646208   0  
65.591149   8    32   0    0   87687168   0  
65.591382   8    32   -1   0   87687168   0  
65.610719   8    32   0    0   87687168   0  
65.610922   8    32   -1   0   87687168   0  
65.851864   8    32   0    0   87728128   0  
65.852108   8    32   -1   0   87728128   0  
66.109911   8    32   0    0   87769088   0  
66.110154   8    32   -1   0   87769088   0  
66.11932    8    32   0    0   87769088   0  
66.11953    8    32   -1   0   87769088   0  
66.370723   8    32   0    0   87810048   0  
66.370954   8    32   -1   0   87810048   0  
66.630668   8    32   0    0   87851008   0  
66.630903   8    32   -1   0   87851008   0  
66.642945   8    32   0    0   87851008   0  
66.643157   8    32   -1   0   87851008   0  
66.904484   8    32   0    0   87855104   0  
66.904723   8    32   -1   0   87855104   0  
67.141418   8    32   0    0   87896064   0  
67.141658   8    32   -1   0   87896064   0  
67.162536   8    32   0    0   87896064   0  
67.162775   8    32   -1   0   87896064   0  
67.423993   8    32   0    0   87937024   0  
67.424235   8    32   -1   0   87937024   0  
67.650117   8    32   0    0   87977984   0  
67.65041    8    32   -1   0   87977984   0  
67.685178   8    32   0    0   87977984   0  
67.685457   8    32   -1   0   87977984   0  
67.94298    8    32   0    0   88018944   0  
67.94895    8    32   -1   0   88018944   0  
68.160179   8    32   0    0   88059904   0  
68.160433   8    32   -1   0   88059904   0  
68.206069   8    32   0    0   88059904   0  
68.206311   8    32   -1   0   88059904   0  
68.467073   8    32   0    0   88100864   0  
68.467308   8    32   -1   0   88100864   0  
68.666928   8    32   0    0   88141824   0  
68.667188   8    32   -1   0   88141824   0  
68.723669   8    32   0    0   88141824   0  
68.723994   8    32   -1   0   88141824   0  
68.984636   8    32   0    0   88182784   0  
68.984868   8    32   -1   0   88182784   0  
69.174696   8    32   0    0   88223744   0  
69.174933   8    32   -1   0   88223744   0  
69.240766   8    32   0    0   88223744   0  
69.24106    8    32   -1   0   88223744   0  
69.502575   8    32   0    0   88264704   0  
69.502847   8    32   -1   0   88264704   0  
69.678458   8    32   0    0   88264704   0  
69.678702   8    32   -1   0   88264704   0  
69.760014   8    32   0    0   88305664   0  
69.760258   8    32   -1   0   88305664   0  
70.018195   8    32   0    0   88346624   0  
70.018435   8    32   -1   0   88346624   0  
70.184801   8    32   0    0   88346624   0  
70.190293   8    32   -1   0   88346624   0  
70.277145   8    32   0    0   88346624   0  
70.277543   8    32   -1   0   88346624   0  
70.535611   8    32   0    0   89645056   0  
70.542771   8    32   -1   0   89669632   0  
70.681895   8    32   -1   1   83996672   0  
70.699738   8    32   0    1   83996672   0  
70.70007    8    32   -1   1   83996672   0  
70.794451   8    32   0    1   84135936   0  
70.79471    8    32   -1   1   84135936   0  
71.050382   8    32   0    1   84275200   0  
71.050614   8    32   -1   1   84275200   0  
71.213172   8    32   0    1   84283392   0  
71.213407   8    32   -1   1   84283392   0  
71.311888   8    32   0    1   84439040   0  
71.312122   8    32   -1   1   84439040   0  
71.572114   8    32   0    1   84439040   0  
71.572344   8    32   -1   1   84439040   0  
71.721585   8    32   0    1   84488192   0  
71.721831   8    32   -1   1   84488192   0  
71.831467   8    32   0    1   84488192   0  
71.831704   8    32   -1   1   84488192   0  
72.091863   8    32   0    1   84488192   0  
72.092104   8    32   -1   1   84488192   0  
72.232485   8    32   0    1   84488192   0  
72.232728   8    32   -1   1   84488192   0  
72.352892   8    32   0    1   84488192   0  
72.353132   8    32   -1   1   84488192   0  
72.613384   8    32   0    1   84488192   0  
72.613621   8    32   -1   1   84488192   0  
72.74259    8    32   0    1   84488192   0  
72.742834   8    32   -1   1   84488192   0  
72.875304   8    32   0    1   84488192   0  
72.875543   8    32   -1   1   84488192   0  
73.034165   8    32   -1   0   84488192   0  
73.035967   8    32   0    0   84488192   0  
73.036434   8    32   -1   0   84488192   0  
73.036464   8    32   0    0   84488192   0  
73.03673    8    32   -1   0   84488192   0  
73.036782   9    32   -1   0   84488192   0  
73.037151   9    33   -1   0   84488192   0  
73.037625   9    34   -1   0   84488192   0  
73.040226   9    35   -1   0   84488192   0  
73.053002   9    36   -1   0   84496384   0  
73.132763   9    36   0    0   90791936   0  
73.133003   9    36   -1   0   90791936   0  
73.248094   9    36   0    0   90791936   0  
73.248338   9    36   -1   0   90791936   0  
73.394099   9    36   0    0   90832896   0  
73.39432    9    36   -1   0   90832896   0  
73.651191   9    36   0    0   90832896   0  
73.651442   9    36   -1   0   90832896   0  
73.758006   9    36   0    0   90873856   0  
73.758252   9    36   -1   0   90873856   0  
73.909424   9    36   0    0   90873856   0  
73.909657   9    36   -1   0   90873856   0  
74.165381   9    36   0    0   90914816   0  
74.165621   9    36   -1   0   90914816   0  
74.263863   9    36   0    0   90955776   0  
74.264108   9    36   -1   0   90955776   0  
74.427142   9    36   0    0   90955776   0  
74.427366   9    36   -1   0   90955776   0  
74.683184   9    36   0    0   90996736   0  
74.683634   9    36   -1   0   90996736   0  
74.770314   9    36   0    0   90996736   0  
74.77056    9    36   -1   0   90996736   0  
74.945146   9    36   0    0   91037696   0  
74.945388   9    36   -1   0   91037696   0  
75.20084    9    36   0    0   91078656   0  
75.201084   9    36   -1   0   91078656   0  
75.278395   9    36   0    0   91078656   0  
75.278626   9    36   -1   0   91078656   0  
75.461331   9    36   0    0   91119616   0  
75.46164    9    36   -1   0   91119616   0  
75.723466   9    36   0    0   91160576   0  
75.72371    9    36   -1   0   91160576   0  
75.789581   9    36   0    0   91160576   0  
75.789807   9    36   -1   0   91160576   0  
75.981013   9    36   0    0   91201536   0  
75.987729   9    36   -1   0   91201536   0  
76.248253   9    36   0    0   91242496   0  
76.248494   9    36   -1   0   91242496   0  
76.298676   9    36   0    0   91242496   0  
76.298946   9    36   -1   0   91242496   0  
76.508511   9    36   0    0   91283456   0  
76.508751   9    36   -1   0   91283456   0  
76.765509   9    36   0    0   91324416   0  
76.772346   9    36   -1   0   91324416   0  
76.807025   9    36   0    0   91324416   0  
76.807259   9    36   -1   0   91328512   0  
77.033266   9    36   0    0   91328512   0  
77.033501   9    36   -1   0   91328512   0  
77.29289    9    36   0    0   91369472   0  
77.293127   9    36   -1   0   91369472   0  
77.315319   9    36   0    0   91369472   0  
77.315535   9    36   -1   0   91369472   0  
77.551791   9    36   0    0   91410432   0  
77.552033   9    36   -1   0   91410432   0  
77.812495   9    36   0    0   91451392   0  
77.812744   9    36   -1   0   91451392   0  
77.822538   9    36   0    0   91451392   0  
77.822724   9    36   -1   0   91451392   0  
78.071999   9    36   0    0   91492352   0  
78.072233   9    36   -1   0   91492352   0  
78.328395   9    36   0    0   91533312   0  
78.32884    9    36   -1   0   91533312   0  
78.341686   9    36   0    0   91533312   0  
78.341924   9    36   -1   0   91533312   0  
78.584967   9    36   0    0   91574272   0  
78.585206   9    36   -1   0   91574272   0  
78.844016   9    36   0    0   91615232   0  
78.844255   9    36   -1   0   91615232   0  
78.856038   9    36   0    0   91615232   0  
78.856248   9    36   -1   0   91615232   0  
79.116501   9    36   0    0   91656192   0  
79.116735   9    36   -1   0   91656192   0  
79.351679   9    36   0    0   91697152   0  
79.351948   9    36   -1   0   91697152   0  
79.370967   9    36   0    0   91697152   0  
79.376459   9    36   -1   0   91697152   0  
79.635996   9    36   0    0   91697152   0  
79.636237   9    36   -1   0   91697152   0  
79.861251   9    36   0    0   91738112   0  
79.861498   9    36   -1   0   91738112   0  
79.895268   9    36   0    0   91738112   0  
79.89549    9    36   -1   0   91738112   0  
80.154276   9    36   0    0   91779072   0  
80.154515   9    36   -1   0   91779072   0  
80.366881   9    36   0    0   91820032   0  
80.367157   9    36   -1   0   91820032   0  
80.409501   9    36   0    0   91820032   0  
80.409741   9    36   -1   0   91820032   0  
80.66891    9    36   0    0   91860992   0  
80.669155   9    36   -1   0   91860992   0  
80.875182   9    36   0    0   91901952   0  
80.875425   9    36   -1   0   91901952   0  
80.928504   9    36   0    0   91901952   0  
80.928728   9    36   -1   0   91901952   0  
81.185462   9    36   0    0   91942912   0  
81.192804   9    36   -1   0   91942912   0  
81.379379   9    36   0    0   91942912   0  
81.379614   9    36   -1   0   91942912   0  
81.449957   9    36   0    0   91983872   0  
81.450166   9    36   -1   0   91983872   0  
81.706298   9    36   0    0   92024832   0  
81.706551   9    36   -1   0   92024832   0  
81.888973   9    36   0    0   92024832   0  
81.889223   9    36   -1   0   92024832   0  
81.962182   9    36   0    0   92065792   0  
81.962489   9    36   -1   0   92065792   0  
82.220348   9    36   0    0   92065792   0  
82.220763   9    36   -1   0   92065792   0  
82.394145   9    36   0    0   92106752   0  
82.394393   9    36   -1   0   92106752   0  
82.479381   9    36   0    0   92106752   0  
82.479626   9    36   -1   0   92106752   0  
82.739052   9    36   0    0   92147712   0  
82.739301   9    36   -1   0   92147712   0  
82.905442   9    36   0    0   92344320   0  
82.905725   9    36   -1   0   92344320   0  
82.999808   9    36   0    0   92647424   0  
83.000027   9    36   -1   0   92647424   0  
83.21112    9    36   -1   1   88883200   0  
83.252853   9    36   0    1   88891392   0  
83.258306   9    36   -1   1   88907776   0  
83.40188    9    36   0    1   89198592   0  
83.402127   9    36   -1   1   89198592   0  
83.511351   9    36   0    1   89198592   0  
83.511592   9    36   -1   1   89198592   0  
83.764823   9    36   0    1   89202688   0  
83.765063   9    36   -1   1   89202688   0  
83.908021   9    36   0    1   89341952   0  
83.90839    9    36   -1   1   89341952   0  
83.995055   9    36   0    1   89341952   0  
83.995397   9    36   -1   1   89341952   0  
84.254404   9    36   0    1   89341952   0  
84.254653   9    36   -1   1   89341952   0  
84.395411   9    36   0    1   89341952   0  
84.395702   9    36   -1   1   89341952   0  
84.513548   9    36   0    1   89341952   0  
84.513815   9    36   -1   1   89341952   0  
84.774423   9    36   0    1   89341952   0  
84.774669   9    36   -1   1   89341952   0  
84.905478   9    36   0    1   89341952   0  
84.905695   9    36   -1   1   89341952   0  
85.036363   9    36   0    1   89341952   0  
85.036584   9    36   -1   1   89341952   0  
85.296953   9    36   0    1   89341952   0  
85.297191   9    36   -1   1   89341952   0  
85.415562   9    36   0    1   89341952   0  
85.415781   9    36   -1   1   89341952   0  
85.557206   9    36   0    1   89341952   0  
85.557435   9    36   -1   1   89341952   0  
85.72569    9    36   -1   0   89341952   0  
85.726653   9    36   0    0   89341952   0  
85.727553   9    36   -1   0   89362432   0  
85.727593   9    36   0    0   89362432   0  
85.72826    9    36   -1   0   89374720   0  
85.728332   10   36   -1   0   89374720   0  
85.729151   10   37   -1   0   89395200   0  
85.729848   10   38   -1   0   89395200   0  
85.732917   10   39   -1   0   89395200   0  
85.754098   10   40   -1   0   89395200   0  
85.800943   10   40   0    0   90140672   0  
85.803104   10   40   -1   0   90140672   0  
85.912598   10   40   0    0   92966912   0  
85.918332   10   40   -1   0   92966912   0  
86.057387   10   40   0    0   92966912   0  
86.057673   10   40   -1   0   92966912   0  
86.318438   10   40   0    0   93016064   0  
86.318685   10   40   -1   0   93020160   0  
86.424093   10   40   0    0   93020160   0  
86.424308   10   40   -1   0   93020160   0  
86.576825   10   40   0    0   93069312   0  
86.577061   10   40   -1   0   93069312   0  
86.833798   10   40   0    0   93118464   0  
86.834026   10   40   -1   0   93118464   0  
86.931028   10   40   0    0   93118464   0  
86.931273   10   40   -1   0   93118464   0  
87.094743   10   40   0    0   93167616   0  
87.094978   10   40   -1   0   93167616   0  
87.352942   10   40   0    0   93216768   0  
87.353176   10   40   -1   0   93216768   0  
87.440146   10   40   0    0   93216768   0  
87.440359   10   40   -1   0   93216768   0  
87.610365   10   40   0    0   93265920   0  
87.610617   10   40   -1   0   93265920   0  
87.871826   10   40   0    0   93315072   0  
87.872058   10   40   -1   0   93315072   0  
87.947623   10   40   0    0   93315072   0  
87.947843   10   40   -1   0   93315072   0  
88.1319     10   40   0    0   93364224   0  
88.132127   10   40   -1   0   93364224   0  
88.39075    10   40   0    0   93413376   0  
88.390981   10   40   -1   0   93413376   0  
88.456696   10   40   0    0   93413376   0  
88.4569     10   40   -1   0   93413376   0  
88.6501     10   40   0    0   93462528   0  
88.650383   10   40   -1   0   93462528   0  
88.910861   10   40   0    0   93511680   0  
88.911098   10   40   -1   0   93511680   0  
88.967899   10   40   0    0   93511680   0  
88.96811    10   40   -1   0   93511680   0  
89.168656   10   40   0    0   93560832   0  
89.168886   10   40   -1   0   93560832   0  
89.429173   10   40   0    0   93609984   0  
89.429402   10   40   -1   0   93609984   0  
89.478614   10   40   0    0   93609984   0  
89.478825   10   40   -1   0   93609984   0  
89.690387   10   40   0    0   93659136   0  
89.690623   10   40   -1   0   93659136   0  
89.947301   10   40   0    0   93708288   0  
89.94753    10   40   -1   0   93708288   0  
89.988855   10   40   0    0   93708288   0  
89.98908    10   40   -1   0   93708288   0  
90.207628   10   40   0    0   93757440   0  
90.207864   10   40   -1   0   93757440   0  
90.469082   10   40   0    0   93806592   0  
90.46935    10   40   -1   0   93806592   0  
90.500074   10   40   0    0   93806592   0  
90.500319   10   40   -1   0   93806592   0  
90.729745   10   40   0    0   93855744   0  
90.729985   10   40   -1   0   93855744   0  
90.991056   10   40   0    0   93904896   0  
90.991299   10   40   -1   0   93904896   0  
91.008294   10   40   0    0   93904896   0  
91.008522   10   40   -1   0   93904896   0  
91.24776    10   40   0    0   93954048   0  
91.247994   10   40   -1   0   93954048   0  
91.506952   10   40   0    0   94003200   0  
91.507232   10   40   -1   0   94003200   0  
91.515951   10   40   0    0   94003200   0  
91.516204   10   40   -1   0   94003200   0  
91.764525   10   40   0    0   94003200   0  
91.764764   10   40   -1   0   94007296   0  
92.026328   10   40   0    0   94105600   0  
92.026565   10   40   -1   0   94105600   0  
92.038496   10   40   0    0   94105600   0  
92.038699   10   40   -1   0   94105600   0  
92.286005   10   40   0    0   94105600   0  
92.286247   10   40   -1   0   94105600   0  
92.54438    10   40   0    0   94154752   0  
92.544623   10   40   -1   0   94154752   0  
92.555872   10   40   0    0   94154752   0  
92.562584   10   40   -1   0   94154752   0  
92.82408    10   40   0    0   94203904   0  
92.824314   10   40   -1   0   94203904   0  
93.055558   10   40   0    0   94253056   0  
93.055789   10   40   -1   0   94253056   0  
93.084336   10   40   0    0   94253056   0  
93.084549   10   40   -1   0   94253056   0  
93.346196   10   40   0    0   94302208   0  
93.346438   10   40   -1   0   94302208   0  
93.561876   10   40   0    0   94351360   0  
93.562113   10   40   -1   0   94351360   0  
93.607738   10   40   0    0   94351360   0  
93.607978   10   40   -1   0   94351360   0  
93.868981   10   40   0    0   94400512   0  
93.86921    10   40   -1   0   94400512   0  
94.072265   10   40   0    0   94449664   0  
94.072487   10   40   -1   0   94449664   0  
94.129304   10   40   0    0   94449664   0  
94.129517   10   40   -1   0   94449664   0  
94.385581   10   40   0    0   94498816   0  
94.385819   10   40   -1   0   94498816   0  
94.579638   10   40   0    0   94547968   0  
94.579867   10   40   -1   0   94547968   0  
94.642571   10   40   0    0   94547968   0  
94.642811   10   40   -1   0   94547968   0  
94.901665   10   40   0    0   94597120   0  
94.901906   10   40   -1   0   94597120   0  
95.087725   10   40   0    0   94937088   0  
95.087957   10   40   -1   0   94937088   0  
95.163037   10   40   0    0   95178752   0  
95.163257   10   40   -1   0   95178752   0  
95.359676   10   40   -1   1   94453760   0  
95.419933   10   40   0    1   94453760   0  
95.420158   10   40   -1   1   94453760   0  
95.596853   10   40   0    1   94482432   0  
95.597091   10   40   -1   1   94482432   0  
95.679254   10   40   0    1   94482432   0  
95.679488   10   40   -1   1   94482432   0  
95.940337   10   40   0    1   94482432   0  
95.94057    10   40   -1   1   94482432   0  
96.104345   10   40   0    1   94482432   0  
96.104688   10   40   -1   1   94482432   0  
96.197481   10   40   0    1   94482432   0  
96.203074   10   40   -1   1   94482432   0  
96.457343   10   40   0    1   94482432   0  
96.457582   10   40   -1   1   94482432   0  
96.609253   10   40   0    1   94482432   0  
96.609511   10   40   -1   1   94482432   0  
96.716431   10   40   0    1   94482432   0  
96.716709   10   40   -1   1   94482432   0  
96.973514   10   40   0    1   94482432   0  
96.974011   10   40   -1   1   94482432   0  
97.119637   10   40   0    1   94482432   0  
97.120036   10   40   -1   1   94482432   0  
97.2335     10   40   0    1   94482432   0  
97.233748   10   40   -1   1   94482432   0  
97.428587   10   40   -1   0   94502912   0  
97.428733   10   40   0    0   94502912   0  
97.42906    10   40   -1   0   94507008   0  
97.430627   10   40   0    0   94511104   0  
97.43108    10   40   -1   0   94511104   0  
97.431366   10   40   -1   1   94511104   0  
97.458259   10   40   0    1   94511104   0  
97.458519   10   40   -1   1   94511104   0  
97.458534   10   40   -1   0   94511104   0  
97.458719   10   40   0    0   94511104   0  
97.458941   10   40   -1   0   94511104   0  
97.459325   10   40   0    0   94511104   0  
97.459549   10   40   -1   0   94511104   0  
97.460387   10   40   0    0   94511104   0  
97.460913   10   40   -1   0   94511104   0  