# File ID /Users/paulross/PycharmProjects/TotalDepth/tmp/pymemtrace/K/20260606_105231_0_23826_O_0_PY3.13.13.log
# Clock LASRead LASSection LogRecord XhtmlStream RSS dRSS
0.526698     0   0   -1   0   47648768   0        
0.527157     0   0   0    0   47661056   0        
0.527663     0   0   1    0   47661056   0        
0.527806     0   0   0    0   47661056   0        
0.527962     0   0   -1   0   47661056   0        
0.529069     0   0   0    0   47673344   0        
0.529316     0   0   -1   0   47681536   0        
0.529343     0   0   0    0   47681536   0        
0.529561     0   0   -1   0   47681536   0        
0.529752     1   0   -1   0   47681536   0        
0.530139     1   1   -1   0   47681536   0        
0.530646     1   2   -1   0   47689728   0        
0.532653     1   3   -1   0   47693824   0        
0.539626     1   4   -1   0   47714304   0        
0.785505     1   4   0    0   53489664   0        
0.791888     1   4   -1   0   53489664   0        
1.032489     1   4   0    0   53530624   0        
1.032729     1   4   -1   0   53530624   0        
1.046707     1   4   0    0   53530624   0        
1.046908     1   4   -1   0   53530624   0        
1.303887     1   4   0    0   53575680   0        
1.304107     1   4   -1   0   53579776   0        
1.53449      1   4   0    0   53620736   0        
1.534705     1   4   -1   0   53620736   0        
1.561909     1   4   0    0   53620736   0        
1.562107     1   4   -1   0   53620736   0        
1.816349     1   4   0    0   53661696   0        
1.81658      1   4   -1   0   53661696   0        
2.035303     1   4   0    0   53702656   0        
2.03553      1   4   -1   0   53702656   0        
2.073597     1   4   0    0   53702656   0        
2.073797     1   4   -1   0   53702656   0        
2.328759     1   4   0    0   53743616   0        
2.334484     1   4   -1   0   53743616   0        
2.543837     1   4   0    0   53784576   0        
2.544087     1   4   -1   0   53784576   0        
2.590947     1   4   0    0   53788672   0        
2.59121      1   4   -1   0   53788672   0        
2.827797     1   4   0    0   53829632   0        
2.828007     1   4   -1   0   53829632   0        
3.024946     1   4   0    0   53870592   0        
3.025161     1   4   -1   0   53870592   0        
3.08904      1   4   0    0   53870592   0        
3.089227     1   4   -1   0   53870592   0        
3.335704     1   4   0    0   53911552   0        
3.342046     1   4   -1   0   53911552   0        
3.459701     1   4   0    0   53932032   0        
3.45998      1   4   -1   0   53932032   0        
3.548171     1   4   0    0   53932032   0        
3.548507     1   4   -1   0   53932032   0        
3.807654     1   4   0    0   54288384   0        
3.807883     1   4   -1   0   54288384   0        
3.96027      1   4   0    0   52297728   0        
3.960556     1   4   -1   0   52297728   0        
4.000698     1   4   -1   1   53231616   0        
4.0617       1   4   0    1   53252096   0        
4.061928     1   4   -1   1   53252096   0        
4.319517     1   4   0    1   53751808   0        
4.319754     1   4   -1   1   53751808   0        
4.465328     1   4   0    1   53833728   0        
4.465551     1   4   -1   1   53833728   0        
4.578481     1   4   0    1   53833728   0        
4.578688     1   4   -1   1   53833728   0        
4.834851     1   4   0    1   53846016   0        
4.835098     1   4   -1   1   53846016   0        
4.976325     1   4   0    1   53846016   0        
4.976545     1   4   -1   1   53846016   0        
5.096731     1   4   0    1   53846016   0        
5.096975     1   4   -1   1   53846016   0        
5.355809     1   4   0    1   53846016   0        
5.35602      1   4   -1   1   53846016   0        
5.458852     1   4   -1   0   53850112   0        
5.459709     1   4   0    0   53850112   0        
5.459958     1   4   -1   0   53850112   0        
5.459982     1   4   0    0   53850112   0        
5.460164     1   4   -1   0   53850112   0        
5.460209     2   4   -1   0   53850112   0        
5.460557     2   5   -1   0   53850112   0        
5.460901     2   6   -1   0   53850112   0        
5.462779     2   7   -1   0   53850112   0        
5.468946     2   8   -1   0   53850112   0        
5.477507     2   8   0    0   53850112   0        
5.477761     2   8   -1   0   53850112   0        
5.608685     2   8   0    0   60293120   0        
5.60891      2   8   -1   0   60293120   0        
5.867937     2   8   0    0   60342272   0        
5.868175     2   8   -1   0   60346368   0        
5.985293     2   8   0    0   60383232   0        
5.985505     2   8   -1   0   60383232   0        
6.115474     2   8   0    0   60391424   0        
6.116071     2   8   -1   0   60399616   0        
6.36239      2   8   0    0   60432384   0        
6.36265      2   8   -1   0   60432384   0        
6.47325      2   8   0    0   60432384   0        
6.473497     2   8   -1   0   60432384   0        
6.620597     2   8   0    0   60465152   0        
6.620846     2   8   -1   0   60465152   0        
6.881043     2   8   0    0   60497920   0        
6.881273     2   8   -1   0   60497920   0        
6.980188     2   8   0    0   60530688   0        
6.980456     2   8   -1   0   60530688   0        
7.138571     2   8   0    0   60530688   0        
7.1389       2   8   -1   0   60530688   0        
7.396353     2   8   0    0   60596224   0        
7.396587     2   8   -1   0   60596224   0        
7.487861     2   8   0    0   60596224   0        
7.488088     2   8   -1   0   60596224   0        
7.655275     2   8   0    0   60628992   0        
7.655486     2   8   -1   0   60628992   0        
7.913255     2   8   0    0   60661760   0        
7.913502     2   8   -1   0   60661760   0        
7.997444     2   8   0    0   60661760   0        
7.99786      2   8   -1   0   60661760   0        
8.17394      2   8   0    0   60694528   0        
8.174156     2   8   -1   0   60694528   0        
8.430183     2   8   0    0   60727296   0        
8.430438     2   8   -1   0   60727296   0        
8.504518     2   8   0    0   60760064   0        
8.504733     2   8   -1   0   60760064   0        
8.688159     2   8   0    0   60760064   0        
8.688417     2   8   -1   0   60760064   0        
8.945281     2   8   0    0   60792832   0        
8.945533     2   8   -1   0   60792832   0        
9.01508      2   8   0    0   60825600   0        
9.015297     2   8   -1   0   60825600   0        
9.206577     2   8   0    0   60858368   0        
9.206814     2   8   -1   0   60858368   0        
9.466686     2   8   0    0   60907520   0        
9.46697      2   8   -1   0   60911616   0        
9.52428      2   8   0    0   60911616   0        
9.524568     2   8   -1   0   60911616   0        
9.726425     2   8   0    0   60944384   0        
9.726674     2   8   -1   0   60944384   0        
9.983067     2   8   0    0   60981248   0        
9.98332      2   8   -1   0   60981248   0        
10.032919    2   8   0    0   60981248   0        
10.033206    2   8   -1   0   60981248   0        
10.240569    2   8   0    0   61014016   0        
10.240789    2   8   -1   0   61014016   0        
10.501807    2   8   0    0   61079552   0        
10.502044    2   8   -1   0   61079552   0        
10.54195     2   8   0    0   61079552   0        
10.542166    2   8   -1   0   61079552   0        
10.758103    2   8   0    0   61112320   0        
10.758613    2   8   -1   0   61112320   0        
11.018245    2   8   0    0   61145088   0        
11.01853     2   8   -1   0   61145088   0        
11.051407    2   8   0    0   61145088   0        
11.057808    2   8   -1   0   61145088   0        
11.275205    2   8   0    0   61177856   0        
11.275465    2   8   -1   0   61177856   0        
11.535779    2   8   0    0   61632512   0        
11.535996    2   8   -1   0   61632512   0        
11.565917    2   8   0    0   61743104   0        
11.566124    2   8   -1   0   61747200   0        
11.662437    2   8   -1   1   57585664   0        
11.791919    2   8   0    1   57856000   0        
11.792175    2   8   -1   1   57856000   0        
12.043597    2   8   0    1   57872384   0        
12.043828    2   8   -1   1   57872384   0        
12.072958    2   8   0    1   57978880   0        
12.07318     2   8   -1   1   57978880   0        
12.301557    2   8   0    1   57978880   0        
12.301799    2   8   -1   1   57978880   0        
12.558197    2   8   0    1   58015744   0        
12.5585      2   8   -1   1   58015744   0        
12.578095    2   8   0    1   58015744   0        
12.578316    2   8   -1   1   58015744   0        
12.815645    2   8   0    1   58015744   0        
12.815881    2   8   -1   1   58015744   0        
13.073216    2   8   0    1   58056704   0        
13.073452    2   8   -1   1   58056704   0        
13.086376    2   8   0    1   58056704   0        
13.086604    2   8   -1   1   58056704   0        
13.214544    2   7   -1   1   57753600   -286720  
13.21456     2   6   -1   1   57753600   0        
13.21459     2   5   -1   1   57753600   0        
13.214605    2   4   -1   1   57753600   0        
13.214617    1   4   -1   1   57753600   0        
13.214635    1   4   -1   0   57753600   0        
13.215183    1   4   0    0   57753600   0        
13.215615    1   4   -1   0   57753600   0        
13.215658    1   4   0    0   57753600   0        
13.215962    1   4   -1   0   57753600   0        
13.215999    2   4   -1   0   57753600   0        
13.216259    2   5   -1   0   57753600   0        
13.21659     2   6   -1   0   57753600   0        
13.218633    2   7   -1   0   57753600   0        
13.22525     2   8   -1   0   57769984   0        
13.328502    2   8   0    0   63049728   0        
13.328748    2   8   -1   0   63053824   0        
13.586378    2   8   0    0   63094784   0        
13.586624    2   8   -1   0   63094784   0        
13.599444    2   8   0    0   63094784   0        
13.599665    2   8   -1   0   63094784   0        
13.843834    2   8   0    0   63139840   0        
13.844042    2   8   -1   0   63139840   0        
14.103484    2   8   0    0   63180800   0        
14.103729    2   8   -1   0   63180800   0        
14.115213    2   8   0    0   63180800   0        
14.115466    2   8   -1   0   63180800   0        
14.375506    2   8   0    0   63262720   0        
14.375818    2   8   -1   0   63262720   0        
14.613282    2   8   0    0   63303680   0        
14.613498    2   8   -1   0   63303680   0        
14.633907    2   8   0    0   63303680   0        
14.634096    2   8   -1   0   63303680   0        
14.891447    2   8   0    0   63344640   0        
14.891677    2   8   -1   0   63344640   0        
15.120652    2   8   0    0   63385600   0        
15.120908    2   8   -1   0   63385600   0        
15.150366    2   8   0    0   63385600   0        
15.15072     2   8   -1   0   63385600   0        
15.406582    2   8   0    0   63426560   0        
15.406836    2   8   -1   0   63426560   0        
15.625922    2   8   0    0   63467520   0        
15.626164    2   8   -1   0   63467520   0        
15.665656    2   8   0    0   63467520   0        
15.665894    2   8   -1   0   63467520   0        
15.924862    2   8   0    0   63549440   0        
15.92508     2   8   -1   0   63549440   0        
16.133872    2   8   0    0   63590400   0        
16.134117    2   8   -1   0   63590400   0        
16.183903    2   8   0    0   63590400   0        
16.184151    2   8   -1   0   63590400   0        
16.44569     2   8   0    0   63631360   0        
16.44592     2   8   -1   0   63631360   0        
16.644071    2   8   0    0   63672320   0        
16.644304    2   8   -1   0   63672320   0        
16.705187    2   8   0    0   63672320   0        
16.70543     2   8   -1   0   63672320   0        
16.963693    2   8   0    0   63713280   0        
16.963959    2   8   -1   0   63713280   0        
17.154501    2   8   0    0   63754240   0        
17.154705    2   8   -1   0   63754240   0        
17.220323    2   8   0    0   63795200   0        
17.220531    2   8   -1   0   63795200   0        
17.477238    2   8   0    0   63836160   0        
17.482649    2   8   -1   0   63836160   0        
17.664677    2   8   0    0   63877120   0        
17.66492     2   8   -1   0   63877120   0        
17.743463    2   8   0    0   63877120   0        
17.743682    2   8   -1   0   63877120   0        
18.001419    2   8   0    0   63918080   0        
18.001774    2   8   -1   0   63918080   0        
18.175792    2   8   0    0   63959040   0        
18.176091    2   8   -1   0   63959040   0        
18.234885    2   8   0    0   63959040   0        
18.23519     2   8   -1   0   63959040   0        
18.447266    2   8   0    0   64000000   0        
18.447648    2   8   -1   0   64000000   0        
18.603457    2   8   0    0   64000000   0        
18.60382     2   8   -1   0   64000000   0        
18.704176    2   8   0    0   64040960   0        
18.70446     2   8   -1   0   64040960   0        
18.965227    2   8   0    0   64081920   0        
18.965478    2   8   -1   0   64081920   0        
19.112011    2   8   0    0   64126976   0        
19.112253    2   8   -1   0   64126976   0        
19.224487    2   8   0    0   64126976   0        
19.224732    2   8   -1   0   64126976   0        
19.48168     2   8   0    0   64167936   0        
19.487903    2   8   -1   0   64167936   0        
19.621761    2   8   0    0   64380928   0        
19.622063    2   8   -1   0   64380928   0        
19.746317    2   8   0    0   64442368   0        
19.746622    2   8   -1   0   64442368   0        
19.934447    2   8   -1   1   62214144   0        
20.005108    2   8   0    1   62218240   0        
20.005402    2   8   -1   1   62218240   0        
20.132439    2   8   0    1   62267392   0        
20.132649    2   8   -1   1   62267392   0        
20.265597    2   8   0    1   62267392   0        
20.265828    2   8   -1   1   62267392   0        
20.521285    2   8   0    1   62423040   0        
20.521541    2   8   -1   1   62423040   0        
20.638313    2   8   0    1   62423040   0        
20.638575    2   8   -1   1   62423040   0        
20.782399    2   8   0    1   62312448   0        
20.782648    2   8   -1   1   62312448   0        
21.043637    2   8   0    1   62382080   0        
21.043849    2   8   -1   1   62382080   0        
21.14816     2   8   0    1   62382080   0        
21.148409    2   8   -1   1   62382080   0        
21.303901    2   8   0    1   62423040   0        
21.304122    2   8   -1   1   62423040   0        
21.559029    2   8   0    1   62423040   0        
21.559334    2   8   -1   1   62423040   0        
21.656847    2   8   0    1   62423040   0        
21.657074    2   8   -1   1   62423040   0        
21.67311     2   7   -1   1   60862464   -98304   
21.673127    2   6   -1   1   60862464   0        
21.673156    2   5   -1   1   60862464   0        
21.673172    2   4   -1   1   60862464   0        
21.673183    1   4   -1   1   60862464   0        
21.6732      1   4   -1   0   60862464   0        
21.674022    1   4   0    0   60866560   0        
21.674317    1   4   -1   0   60866560   0        
21.674346    1   4   0    0   60866560   0        
21.674561    1   4   -1   0   60866560   0        
21.674607    2   4   -1   0   60866560   0        
21.674944    2   5   -1   0   60866560   0        
21.675295    2   6   -1   0   60866560   0        
21.67727     2   7   -1   0   60866560   0        
21.68377     2   8   -1   0   60866560   0        
21.818075    2   8   0    0   64364544   0        
21.818299    2   8   -1   0   64364544   0        
22.074697    2   8   0    0   64397312   0        
22.074982    2   8   -1   0   64397312   0        
22.161637    2   8   0    0   64430080   0        
22.161863    2   8   -1   0   64430080   0        
22.334983    2   8   0    0   64430080   0        
22.335187    2   8   -1   0   64430080   0        
22.593434    2   8   0    0   64495616   0        
22.59367     2   8   -1   0   64495616   0        
22.672209    2   8   0    0   64495616   0        
22.672445    2   8   -1   0   64495616   0        
22.85425     2   8   0    0   64528384   0        
22.854489    2   8   -1   0   64528384   0        
23.113705    2   8   0    0   64561152   0        
23.114021    2   8   -1   0   64561152   0        
23.180749    2   8   0    0   64589824   0        
23.181038    2   8   -1   0   64589824   0        
23.370894    2   8   0    0   64593920   0        
23.371133    2   8   -1   0   64593920   0        
23.631973    2   8   0    0   64659456   0        
23.632196    2   8   -1   0   64659456   0        
23.688656    2   8   0    0   64659456   0        
23.688845    2   8   -1   0   64659456   0        
23.891467    2   8   0    0   64692224   0        
23.891709    2   8   -1   0   64692224   0        
24.150435    2   8   0    0   64724992   0        
24.150675    2   8   -1   0   64724992   0        
24.196685    2   8   0    0   64724992   0        
24.196899    2   8   -1   0   64724992   0        
24.412004    2   8   0    0   64757760   0        
24.412232    2   8   -1   0   64757760   0        
24.669772    2   8   0    0   64790528   0        
24.675681    2   8   -1   0   64790528   0        
24.703145    2   8   0    0   64823296   0        
24.703438    2   8   -1   0   64823296   0        
24.928479    2   8   0    0   64823296   0        
24.928731    2   8   -1   0   64823296   0        
25.18509     2   8   0    0   64888832   0        
25.185324    2   8   -1   0   64888832   0        
25.206759    2   8   0    0   64888832   0        
25.206972    2   8   -1   0   64888832   0        
25.444653    2   8   0    0   64921600   0        
25.4449      2   8   -1   0   64921600   0        
25.704256    2   8   0    0   64954368   0        
25.704459    2   8   -1   0   64954368   0        
25.717126    2   8   0    0   64954368   0        
25.717362    2   8   -1   0   64954368   0        
25.960243    2   8   0    0   64987136   0        
25.965573    2   8   -1   0   64987136   0        
26.226216    2   8   0    0   65019904   0        
26.226448    2   8   -1   0   65019904   0        
26.237561    2   8   0    0   65052672   0        
26.237765    2   8   -1   0   65052672   0        
26.494429    2   8   0    0   65089536   0        
26.494661    2   8   -1   0   65089536   0        
26.732795    2   8   0    0   65122304   0        
26.733035    2   8   -1   0   65122304   0        
26.75606     2   8   0    0   65122304   0        
26.756271    2   8   -1   0   65122304   0        
27.01557     2   8   0    0   65155072   0        
27.015832    2   8   -1   0   65155072   0        
27.238589    2   8   0    0   65187840   0        
27.238842    2   8   -1   0   65187840   0        
27.275533    2   8   0    0   65220608   0        
27.275742    2   8   -1   0   65220608   0        
27.533256    2   8   0    0   65253376   0        
27.5335      2   8   -1   0   65253376   0        
27.74645     2   8   0    0   65286144   0        
27.74669     2   8   -1   0   65286144   0        
27.791643    2   8   0    0   65286144   0        
27.792005    2   8   -1   0   65286144   0        
28.050785    2   8   0    0   65318912   0        
28.051016    2   8   -1   0   65318912   0        
28.255787    2   8   0    0   65351680   0        
28.25605     2   8   -1   0   65351680   0        
28.3099      2   8   0    0   65384448   0        
28.310162    2   8   -1   0   65384448   0        
28.567533    2   8   0    0   66203648   0        
28.56777     2   8   -1   0   66203648   0        
28.69668     2   8   -1   1   64077824   0        
28.764724    2   8   0    1   64077824   0        
28.764954    2   8   -1   1   64077824   0        
28.825279    2   8   0    1   64090112   0        
28.825514    2   8   -1   1   64090112   0        
29.085264    2   8   0    1   64249856   0        
29.085498    2   8   -1   1   64249856   0        
29.272131    2   8   0    1   64249856   0        
29.272369    2   8   -1   1   64249856   0        
29.345282    2   8   0    1   64249856   0        
29.345502    2   8   -1   1   64249856   0        
29.601922    2   8   0    1   64139264   0        
29.602127    2   8   -1   1   64139264   0        
29.784066    2   8   0    1   64139264   0        
29.78427     2   8   -1   1   64139264   0        
29.86248     2   8   0    1   64139264   0        
29.862707    2   8   -1   1   64139264   0        
30.119655    2   8   0    1   64028672   0        
30.119897    2   8   -1   1   64028672   0        
30.29258     2   8   0    1   64016384   0        
30.292832    2   8   -1   1   64016384   0        
30.376078    2   8   0    1   64032768   0        
30.37633     2   8   -1   1   64032768   0        
30.632614    2   8   0    1   64032768   0        
30.632874    2   8   -1   1   64032768   0        
30.700279    2   7   -1   1   62259200   -126976  
30.700298    2   6   -1   1   62259200   0        
30.700332    2   5   -1   1   62259200   0        
30.700349    2   4   -1   1   62259200   0        
30.700363    1   4   -1   1   62259200   0        
30.700383    1   4   -1   0   62259200   0        
30.701017    1   4   0    0   62259200   0        
30.701347    1   4   -1   0   62259200   0        
30.701374    1   4   0    0   62259200   0        
30.701611    1   4   -1   0   62259200   0        
30.701658    2   4   -1   0   62259200   0        
30.701954    2   5   -1   0   62259200   0        
30.702376    2   6   -1   0   62259200   0        
30.70464     2   7   -1   0   62259200   0        
30.7125      2   8   -1   0   62259200   0        
30.79842     2   8   0    0   64827392   0        
30.798984    2   8   -1   0   64827392   0        
30.887192    2   8   0    0   64827392   0        
30.887551    2   8   -1   0   64827392   0        
31.143081    2   8   0    0   64868352   0        
31.14333     2   8   -1   0   64868352   0        
31.306132    2   8   0    0   64909312   0        
31.306344    2   8   -1   0   64909312   0        
31.401368    2   8   0    0   64909312   0        
31.401599    2   8   -1   0   64909312   0        
31.657839    2   8   0    0   64950272   0        
31.658083    2   8   -1   0   64950272   0        
31.813057    2   8   0    0   64991232   0        
31.813288    2   8   -1   0   64991232   0        
31.917008    2   8   0    0   65032192   0        
31.91722     2   8   -1   0   65036288   0        
32.176399    2   8   0    0   65077248   0        
32.182379    2   8   -1   0   65077248   0        
32.317746    2   8   0    0   65077248   0        
32.318042    2   8   -1   0   65077248   0        
32.418162    2   8   0    0   65118208   0        
32.423615    2   8   -1   0   65118208   0        
32.680769    2   8   0    0   65159168   0        
32.681294    2   8   -1   0   65159168   0        
32.803769    2   8   0    0   65159168   0        
32.804016    2   8   -1   0   65159168   0        
32.938046    2   8   0    0   65200128   0        
32.938269    2   8   -1   0   65200128   0        
33.193741    2   8   0    0   65241088   0        
33.19956     2   8   -1   0   65241088   0        
33.313706    2   8   0    0   65241088   0        
33.319239    2   8   -1   0   65241088   0        
33.458434    2   8   0    0   65282048   0        
33.464174    2   8   -1   0   65282048   0        
33.724387    2   8   0    0   65323008   0        
33.72463     2   8   -1   0   65323008   0        
33.828079    2   8   0    0   65363968   0        
33.828304    2   8   -1   0   65363968   0        
33.983602    2   8   0    0   65363968   0        
33.984013    2   8   -1   0   65363968   0        
34.242246    2   8   0    0   65404928   0        
34.242534    2   8   -1   0   65404928   0        
34.335893    2   8   0    0   65445888   0        
34.336129    2   8   -1   0   65445888   0        
34.500771    2   8   0    0   65486848   0        
34.501009    2   8   -1   0   65486848   0        
34.757948    2   8   0    0   65527808   0        
34.758189    2   8   -1   0   65527808   0        
34.845876    2   8   0    0   65527808   0        
34.846102    2   8   -1   0   65531904   0        
35.018009    2   8   0    0   65572864   0        
35.018249    2   8   -1   0   65572864   0        
35.279912    2   8   0    0   65613824   0        
35.280152    2   8   -1   0   65613824   0        
35.356433    2   8   0    0   65654784   0        
35.356626    2   8   -1   0   65654784   0        
35.536212    2   8   0    0   65654784   0        
35.536441    2   8   -1   0   65654784   0        
35.798067    2   8   0    0   65736704   0        
35.798299    2   8   -1   0   65736704   0        
35.863277    2   8   0    0   65736704   0        
35.863495    2   8   -1   0   65736704   0        
36.058722    2   8   0    0   65777664   0        
36.058956    2   8   -1   0   65777664   0        
36.314977    2   8   0    0   65818624   0        
36.315221    2   8   -1   0   65818624   0        
36.371019    2   8   0    0   65818624   0        
36.377608    2   8   -1   0   65818624   0        
36.573317    2   8   0    0   65859584   0        
36.573595    2   8   -1   0   65859584   0        
36.833542    2   8   0    0   65900544   0        
36.833774    2   8   -1   0   65900544   0        
36.888601    2   8   0    0   65941504   0        
36.888818    2   8   -1   0   65941504   0        
37.095513    2   8   0    0   65982464   0        
37.095753    2   8   -1   0   65982464   0        
37.356968    2   8   0    0   66023424   0        
37.357305    2   8   -1   0   66023424   0        
37.395975    2   8   0    0   66023424   0        
37.40282     2   8   -1   0   66023424   0        
37.614735    2   8   0    0   66080768   0        
37.620618    2   8   -1   0   66084864   0        
37.87187     2   8   0    0   66125824   0        
37.872123    2   8   -1   0   66125824   0        
37.90483     2   8   0    0   66125824   0        
37.905114    2   8   -1   0   66125824   0        
38.130767    2   8   0    0   66490368   0        
38.131018    2   8   -1   0   66490368   0        
38.39134     2   8   0    0   67878912   0        
38.391584    2   8   -1   0   67878912   0        
38.413054    2   8   0    0   67932160   0        
38.413305    2   8   -1   0   67932160   0        
38.423269    2   8   -1   1   68046848   0        
38.651437    2   8   0    1   68145152   0        
38.651686    2   8   -1   1   68145152   0        
38.909884    2   8   0    1   68276224   0        
38.910101    2   8   -1   1   68276224   0        
38.920025    2   8   0    1   68276224   0        
38.920329    2   8   -1   1   68276224   0        
39.167676    2   8   0    1   68276224   0        
39.167976    2   8   -1   1   68276224   0        
39.424065    2   8   0    1   68157440   0        
39.424361    2   8   -1   1   68157440   0        
39.437323    2   8   0    1   68157440   0        
39.437623    2   8   -1   1   68157440   0        
39.681454    2   8   0    1   68157440   0        
39.681749    2   8   -1   1   68157440   0        
39.939712    2   8   0    1   68157440   0        
39.939956    2   8   -1   1   68157440   0        
39.94674     2   8   0    1   68157440   0        
39.946962    2   8   -1   1   68157440   0        
40.197197    2   8   0    1   67993600   0        
40.197442    2   8   -1   1   67993600   0        
40.454497    2   8   0    1   68009984   0        
40.454762    2   8   -1   1   68009984   0        
40.466505    2   8   0    1   68009984   0        
40.466773    2   8   -1   1   68009984   0        
40.695347    2   7   -1   1   66166784   -131072  
40.695364    2   6   -1   1   66166784   0        
40.695393    2   5   -1   1   66166784   0        
40.69541     2   4   -1   1   66166784   0        
40.695422    1   4   -1   1   66166784   0        
40.695439    1   4   -1   0   66166784   0        
40.696234    1   4   0    0   66166784   0        
40.696517    1   4   -1   0   66166784   0        
40.696543    1   4   0    0   66166784   0        
40.696764    1   4   -1   0   66166784   0        
40.696807    2   4   -1   0   66166784   0        
40.69717     2   5   -1   0   66166784   0        
40.69755     2   6   -1   0   66166784   0        
40.699786    2   7   -1   0   66166784   0        
40.710759    2   8   -1   0   66166784   0        
40.71971     2   8   0    0   66617344   0        
40.71997     2   8   -1   0   66617344   0        
40.960807    2   8   0    0   66826240   0        
40.961049    2   8   -1   0   66826240   0        
40.98047     2   8   0    0   66859008   0        
40.980707    2   8   -1   0   66859008   0        
41.241359    2   8   0    0   66891776   0        
41.241602    2   8   -1   0   66891776   0        
41.467065    2   8   0    0   66924544   0        
41.467311    2   8   -1   0   66924544   0        
41.502191    2   8   0    0   66924544   0        
41.50242     2   8   -1   0   66924544   0        
41.760124    2   8   0    0   66957312   0        
41.760421    2   8   -1   0   66957312   0        
41.978126    2   8   0    0   66990080   0        
41.978373    2   8   -1   0   66990080   0        
42.019982    2   8   0    0   66990080   0        
42.020227    2   8   -1   0   66990080   0        
42.277074    2   8   0    0   67022848   0        
42.277311    2   8   -1   0   67022848   0        
42.487681    2   8   0    0   67055616   0        
42.487924    2   8   -1   0   67055616   0        
42.536193    2   8   0    0   67055616   0        
42.536414    2   8   -1   0   67055616   0        
42.797502    2   8   0    0   67121152   0        
42.797731    2   8   -1   0   67121152   0        
42.995274    2   8   0    0   67121152   0        
42.995556    2   8   -1   0   67121152   0        
43.055151    2   8   0    0   67153920   0        
43.055398    2   8   -1   0   67153920   0        
43.313393    2   8   0    0   67186688   0        
43.320108    2   8   -1   0   67186688   0        
43.505855    2   8   0    0   67219456   0        
43.506095    2   8   -1   0   67219456   0        
43.57791     2   8   0    0   67219456   0        
43.578123    2   8   -1   0   67219456   0        
43.835857    2   8   0    0   67252224   0        
43.836088    2   8   -1   0   67252224   0        
44.012605    2   8   0    0   67284992   0        
44.012846    2   8   -1   0   67284992   0        
44.097498    2   8   0    0   67284992   0        
44.097692    2   8   -1   0   67284992   0        
44.355316    2   8   0    0   67350528   0        
44.355566    2   8   -1   0   67350528   0        
44.521782    2   8   0    0   67350528   0        
44.522021    2   8   -1   0   67350528   0        
44.61261     2   8   0    0   67383296   0        
44.612824    2   8   -1   0   67383296   0        
44.870712    2   8   0    0   67416064   0        
44.870947    2   8   -1   0   67416064   0        
45.032171    2   8   0    0   67448832   0        
45.032526    2   8   -1   0   67448832   0        
45.12961     2   8   0    0   67448832   0        
45.129861    2   8   -1   0   67448832   0        
45.388366    2   8   0    0   67481600   0        
45.388581    2   8   -1   0   67481600   0        
45.541914    2   8   0    0   67514368   0        
45.54852     2   8   -1   0   67514368   0        
45.645288    2   8   0    0   67547136   0        
45.645538    2   8   -1   0   67547136   0        
45.903893    2   8   0    0   67579904   0        
45.904126    2   8   -1   0   67579904   0        
46.057212    2   8   0    0   67579904   0        
46.057428    2   8   -1   0   67579904   0        
46.161473    2   8   0    0   67612672   0        
46.161712    2   8   -1   0   67612672   0        
46.420359    2   8   0    0   67645440   0        
46.420674    2   8   -1   0   67645440   0        
46.564138    2   8   0    0   67678208   0        
46.564638    2   8   -1   0   67678208   0        
46.677623    2   8   0    0   67678208   0        
46.677863    2   8   -1   0   67678208   0        
46.936975    2   8   0    0   67710976   0        
46.93722     2   8   -1   0   67710976   0        
47.07358     2   8   0    0   67743744   0        
47.080265    2   8   -1   0   67743744   0        
47.195848    2   8   0    0   67776512   0        
47.1961      2   8   -1   0   67776512   0        
47.453637    2   8   0    0   67809280   0        
47.453882    2   8   -1   0   67809280   0        
47.590454    2   8   0    0   67809280   0        
47.590701    2   8   -1   0   67809280   0        
47.714716    2   8   0    0   67842048   0        
47.714949    2   8   -1   0   67842048   0        
47.972664    2   8   0    0   67874816   0        
47.972977    2   8   -1   0   67874816   0        
48.098331    2   8   0    0   68026368   0        
48.098643    2   8   -1   0   68026368   0        
48.230121    2   8   0    0   68620288   0        
48.236806    2   8   -1   0   68620288   0        
48.407463    2   8   -1   1   68620288   0        
48.494806    2   8   0    1   68620288   0        
48.500487    2   8   -1   1   68620288   0        
48.598485    2   8   0    1   68755456   0        
48.599394    2   8   -1   1   68755456   0        
48.758126    2   8   0    1   68820992   0        
48.758389    2   8   -1   1   68820992   0        
49.014567    2   8   0    1   68784128   0        
49.014807    2   8   -1   1   68784128   0        
49.108789    2   8   0    1   68784128   0        
49.108995    2   8   -1   1   68784128   0        
49.271442    2   8   0    1   68784128   0        
49.271678    2   8   -1   1   68784128   0        
49.52998     2   8   0    1   68784128   0        
49.530242    2   8   -1   1   68784128   0        
49.61404     2   8   0    1   68784128   0        
49.614311    2   8   -1   1   68784128   0        
49.787111    2   8   0    1   68784128   0        
49.787451    2   8   -1   1   68784128   0        
50.043601    2   8   0    1   68820992   0        
50.043855    2   8   -1   1   68820992   0        
50.124674    2   8   0    1   68689920   0        
50.124923    2   8   -1   1   68689920   0        
50.305545    2   8   0    1   68689920   0        
50.305784    2   8   -1   1   68689920   0        
50.565197    2   8   0    1   68739072   0        
50.565454    2   8   -1   1   68739072   0        
50.615248    2   7   -1   1   66768896   -98304   
50.615269    2   6   -1   1   66768896   0        
50.615308    2   5   -1   1   66768896   0        
50.61533     2   4   -1   1   66768896   0        
50.615344    1   4   -1   1   66768896   0        
50.615367    1   4   -1   0   66768896   0        
50.61602     1   4   0    0   66768896   0        
50.616331    1   4   -1   0   66768896   0        
50.616359    1   4   0    0   66768896   0        
50.616606    1   4   -1   0   66768896   0        
50.616652    2   4   -1   0   66768896   0        
50.616979    2   5   -1   0   66768896   0        
50.617382    2   6   -1   0   66768896   0        
50.619734    2   7   -1   0   66768896   0        
50.632189    2   8   -1   0   66768896   0        
50.643322    2   8   0    0   66768896   0        
50.643619    2   8   -1   0   66768896   0        
50.81289     2   8   0    0   70324224   0        
50.818411    2   8   -1   0   70324224   0        
51.069333    2   8   0    0   70324224   0        
51.074875    2   8   -1   0   70324224   0        
51.140753    2   8   0    0   70377472   0        
51.1463      2   8   -1   0   70377472   0        
51.333848    2   8   0    0   70377472   0        
51.334089    2   8   -1   0   70377472   0        
51.593957    2   8   0    0   70430720   0        
51.594259    2   8   -1   0   70430720   0        
51.65375     2   8   0    0   70430720   0        
51.654007    2   8   -1   0   70434816   0        
51.851489    2   8   0    0   70488064   0        
51.851741    2   8   -1   0   70488064   0        
52.111592    2   8   0    0   70541312   0        
52.111838    2   8   -1   0   70541312   0        
52.164463    2   8   0    0   70541312   0        
52.164692    2   8   -1   0   70541312   0        
52.370042    2   8   0    0   70594560   0        
52.370278    2   8   -1   0   70594560   0        
52.626964    2   8   0    0   70647808   0        
52.627275    2   8   -1   0   70647808   0        
52.67168     2   8   0    0   70647808   0        
52.671902    2   8   -1   0   70647808   0        
52.887692    2   8   0    0   70647808   0        
52.887935    2   8   -1   0   70647808   0        
53.148433    2   8   0    0   70701056   0        
53.148689    2   8   -1   0   70701056   0        
53.180273    2   8   0    0   70701056   0        
53.180498    2   8   -1   0   70701056   0        
53.406295    2   8   0    0   70754304   0        
53.406536    2   8   -1   0   70754304   0        
53.666979    2   8   0    0   70807552   0        
53.667224    2   8   -1   0   70807552   0        
53.688492    2   8   0    0   70807552   0        
53.688712    2   8   -1   0   70807552   0        
53.927884    2   8   0    0   70860800   0        
53.928134    2   8   -1   0   70860800   0        
54.186528    2   8   0    0   70914048   0        
54.186762    2   8   -1   0   70914048   0        
54.196337    2   8   0    0   70914048   0        
54.196676    2   8   -1   0   70914048   0        
54.443839    2   8   0    0   70967296   0        
54.450585    2   8   -1   0   70967296   0        
54.704588    2   8   0    0   71020544   0        
54.704826    2   8   -1   0   71020544   0        
54.705202    2   8   0    0   71020544   0        
54.705453    2   8   -1   0   71020544   0        
54.962015    2   8   0    0   71073792   0        
54.962262    2   8   -1   0   71073792   0        
55.210045    2   8   0    0   71073792   0        
55.210278    2   8   -1   0   71073792   0        
55.220167    2   8   0    0   71073792   0        
55.220386    2   8   -1   0   71073792   0        
55.478451    2   8   0    0   71127040   0        
55.478694    2   8   -1   0   71127040   0        
55.719588    2   8   0    0   71180288   0        
55.720054    2   8   -1   0   71180288   0        
55.734659    2   8   0    0   71180288   0        
55.735217    2   8   -1   0   71180288   0        
55.992115    2   8   0    0   71233536   0        
55.992353    2   8   -1   0   71233536   0        
56.229125    2   8   0    0   71286784   0        
56.229366    2   8   -1   0   71286784   0        
56.250951    2   8   0    0   71286784   0        
56.251183    2   8   -1   0   71286784   0        
56.508739    2   8   0    0   71340032   0        
56.508984    2   8   -1   0   71340032   0        
56.739253    2   8   0    0   71393280   0        
56.739538    2   8   -1   0   71393280   0        
56.765224    2   8   0    0   71393280   0        
56.765515    2   8   -1   0   71393280   0        
57.022565    2   8   0    0   71393280   0        
57.022964    2   8   -1   0   71393280   0        
57.246135    2   8   0    0   71446528   0        
57.252898    2   8   -1   0   71446528   0        
57.28364     2   8   0    0   71446528   0        
57.283959    2   8   -1   0   71446528   0        
57.543193    2   8   0    0   71499776   0        
57.543432    2   8   -1   0   71499776   0        
57.761084    2   8   0    0   71553024   0        
57.766475    2   8   -1   0   71553024   0        
57.80161     2   8   0    0   71553024   0        
57.801857    2   8   -1   0   71553024   0        
58.059798    2   8   0    0   71606272   0        
58.066245    2   8   -1   0   71606272   0        
58.271278    2   8   0    0   71606272   0        
58.271568    2   8   -1   0   71606272   0        
58.326571    2   8   0    0   71606272   0        
58.333152    2   8   -1   0   71659520   0        
58.594141    2   8   0    0   71659520   0        
58.594376    2   8   -1   0   71659520   0        
58.781254    2   8   0    0   71712768   0        
58.781538    2   8   -1   0   71712768   0        
58.853813    2   8   0    0   71712768   0        
58.854087    2   8   -1   0   71712768   0        
59.110003    2   8   0    0   71766016   0        
59.110303    2   8   -1   0   71766016   0        
59.289408    2   8   0    0   71819264   0        
59.289664    2   8   -1   0   71819264   0        
59.370546    2   8   0    0   71819264   0        
59.376849    2   8   -1   0   71819264   0        
59.63327     2   8   0    0   71872512   0        
59.638834    2   8   -1   0   71872512   0        
59.798131    2   8   0    0   71872512   0        
59.803712    2   8   -1   0   71872512   0        
59.894647    2   8   0    0   71925760   0        
59.895041    2   8   -1   0   71925760   0        
60.154749    2   8   0    0   71925760   0        
60.155047    2   8   -1   0   71925760   0        
60.311229    2   8   0    0   71979008   0        
60.311524    2   8   -1   0   71979008   0        
60.413905    2   8   0    0   71979008   0        
60.41445     2   8   -1   0   71979008   0        
60.676019    2   8   0    0   72032256   0        
60.67635     2   8   -1   0   72032256   0        
60.817064    2   8   0    0   72085504   0        
60.823746    2   8   -1   0   72085504   0        
60.933342    2   8   0    0   72085504   0        
60.940022    2   8   -1   0   72085504   0        
61.19625     2   8   0    0   73498624   0        
61.196545    2   8   -1   0   73498624   0        
61.33477     2   8   0    0   71667712   0        
61.335021    2   8   -1   0   71667712   0        
61.338844    2   8   -1   1   71667712   0        
61.455474    2   8   0    1   71667712   0        
61.455753    2   8   -1   1   71667712   0        
61.716509    2   8   0    1   71835648   0        
61.716752    2   8   -1   1   71835648   0        
61.842032    2   8   0    1   71708672   0        
61.842321    2   8   -1   1   71708672   0        
61.969732    2   8   0    1   71847936   0        
61.974999    2   8   -1   1   71847936   0        
62.232601    2   8   0    1   71847936   0        
62.23747     2   8   -1   1   71847936   0        
62.319675    2   8   0    1   71847936   0        
62.325212    2   8   -1   1   71847936   0        
62.472285    2   8   0    1   71712768   0        
62.472541    2   8   -1   1   71712768   0        
62.732339    2   8   0    1   71712768   0        
62.732631    2   8   -1   1   71712768   0        
62.835258    2   8   0    1   71712768   0        
62.835485    2   8   -1   1   71712768   0        
62.991336    2   8   0    1   71712768   0        
62.997117    2   8   -1   1   71712768   0        
63.257696    2   8   0    1   71749632   0        
63.263164    2   8   -1   1   71749632   0        
63.34159     2   8   0    1   71614464   0        
63.343133    2   8   -1   1   71614464   0        
63.51924     2   8   0    1   71614464   0        
63.519499    2   8   -1   1   71614464   0        
63.779065    2   8   0    1   71626752   0        
63.779287    2   8   -1   1   71626752   0        
63.853939    2   8   0    1   71626752   0        
63.854311    2   8   -1   1   71626752   0        
63.89528     2   7   -1   1   69656576   -135168  
63.895302    2   6   -1   1   69656576   0        
63.895357    2   5   -1   1   69656576   0        
63.895379    2   4   -1   1   69656576   0        
63.895394    1   4   -1   1   69656576   0        
63.895419    1   4   -1   0   69656576   0        
63.896177    1   4   0    0   69660672   0        
63.896504    1   4   -1   0   69660672   0        
63.896534    1   4   0    0   69660672   0        
63.896797    1   4   -1   0   69660672   0        
63.896857    2   4   -1   0   69660672   0        
63.897263    2   5   -1   0   69660672   0        
63.897691    2   6   -1   0   69660672   0        
63.90015     2   7   -1   0   69660672   0        
63.91299     2   8   -1   0   69660672   0        
64.035545    2   8   0    0   70987776   0        
64.035786    2   8   -1   0   70987776   0        
64.296164    2   8   0    0   71036928   0        
64.296407    2   8   -1   0   71036928   0        
64.363214    2   8   0    0   71036928   0        
64.363492    2   8   -1   0   71036928   0        
64.555322    2   8   0    0   71086080   0        
64.555542    2   8   -1   0   71086080   0        
64.815291    2   8   0    0   71135232   0        
64.81553     2   8   -1   0   71135232   0        
64.8702      2   8   0    0   71135232   0        
64.870527    2   8   -1   0   71135232   0        
65.077121    2   8   0    0   71184384   0        
65.077358    2   8   -1   0   71184384   0        
65.33765     2   8   0    0   71233536   0        
65.337891    2   8   -1   0   71233536   0        
65.377311    2   8   0    0   71233536   0        
65.377525    2   8   -1   0   71233536   0        
65.599106    2   8   0    0   71233536   0        
65.599342    2   8   -1   0   71233536   0        
65.860804    2   8   0    0   71299072   0        
65.861031    2   8   -1   0   71303168   0        
65.88694     2   8   0    0   71335936   0        
65.887169    2   8   -1   0   71335936   0        
66.120484    2   8   0    0   71335936   0        
66.127344    2   8   -1   0   71335936   0        
66.384057    2   8   0    0   71385088   0        
66.384274    2   8   -1   0   71385088   0        
66.392626    2   8   0    0   71385088   0        
66.392819    2   8   -1   0   71385088   0        
66.642527    2   8   0    0   71434240   0        
66.64279     2   8   -1   0   71434240   0        
66.899091    2   8   0    0   71483392   0        
66.899711    2   8   1    0   71483392   0        
66.91074     2   8   0    0   71483392   0        
66.921637    2   8   -1   0   71483392   0        
67.18216     2   8   0    0   71532544   0        
67.18239     2   8   -1   0   71532544   0        
67.41914     2   8   0    0   71581696   0        
67.419382    2   8   -1   0   71581696   0        
67.440964    2   8   0    0   71581696   0        
67.441181    2   8   -1   0   71581696   0        
67.701803    2   8   0    0   71630848   0        
67.702045    2   8   -1   0   71630848   0        
67.924631    2   8   0    0   71680000   0        
67.92487     2   8   -1   0   71680000   0        
67.955355    2   8   0    0   71680000   0        
67.955885    2   8   -1   0   71680000   0        
68.212118    2   8   0    0   71729152   0        
68.212361    2   8   -1   0   71729152   0        
68.433773    2   8   0    0   71778304   0        
68.440492    2   8   -1   0   71778304   0        
68.470604    2   8   0    0   71778304   0        
68.470807    2   8   -1   0   71778304   0        
68.731784    2   8   0    0   71827456   0        
68.732073    2   8   -1   0   71827456   0        
68.948805    2   8   0    0   71876608   0        
68.949051    2   8   -1   0   71876608   0        
68.992618    2   8   0    0   71876608   0        
68.992838    2   8   -1   0   71876608   0        
69.251855    2   8   0    0   71925760   0        
69.252097    2   8   -1   0   71925760   0        
69.451962    2   8   0    0   71925760   0        
69.457476    2   8   -1   0   71925760   0        
69.506056    2   8   0    0   71925760   0        
69.506299    2   8   -1   0   71925760   0        
69.765033    2   8   0    0   71974912   0        
69.770806    2   8   -1   0   71974912   0        
69.967927    2   8   0    0   72024064   0        
69.968164    2   8   -1   0   72024064   0        
70.03124     2   8   0    0   72024064   0        
70.031468    2   8   -1   0   72024064   0        
70.293097    2   8   0    0   72073216   0        
70.293369    2   8   -1   0   72073216   0        
70.474753    2   8   0    0   72122368   0        
70.474979    2   8   -1   0   72122368   0        
70.550838    2   8   0    0   72122368   0        
70.551076    2   8   -1   0   72122368   0        
70.811806    2   8   0    0   72171520   0        
70.812137    2   8   -1   0   72171520   0        
70.983084    2   8   0    0   72220672   0        
70.98332     2   8   -1   0   72220672   0        
71.072547    2   8   0    0   72220672   0        
71.072768    2   8   -1   0   72220672   0        
71.334092    2   8   0    0   72269824   0        
71.334329    2   8   -1   0   72269824   0        
71.492479    2   8   0    0   72318976   0        
71.492721    2   8   -1   0   72318976   0        
71.594128    2   8   0    0   72318976   0        
71.594358    2   8   -1   0   72318976   0        
71.854443    2   8   0    0   72368128   0        
71.854663    2   8   -1   0   72368128   0        
72.003914    2   8   0    0   72417280   0        
72.004161    2   8   -1   0   72417280   0        
72.114328    2   8   0    0   72417280   0        
72.114627    2   8   -1   0   72417280   0        
72.375055    2   8   0    0   72466432   0        
72.380897    2   8   -1   0   72466432   0        
72.515056    2   8   0    0   72466432   0        
72.515279    2   8   -1   0   72466432   0        
72.637196    2   8   0    0   72515584   0        
72.637431    2   8   -1   0   72515584   0        
72.893287    2   8   0    0   72564736   0        
72.893524    2   8   -1   0   72564736   0        
73.0216      2   8   0    0   72564736   0        
73.02804     2   8   -1   0   72564736   0        
73.151185    2   8   0    0   72613888   0        
73.151406    2   8   -1   0   72613888   0        
73.408356    2   8   0    0   72953856   0        
73.408723    2   8   -1   0   72953856   0        
73.535137    2   8   0    0   73363456   0        
73.535372    2   8   -1   0   73363456   0        
73.670614    2   8   0    0   74420224   0        
73.67083     2   8   -1   0   74420224   0        
73.689818    2   8   -1   1   74563584   0        
73.930859    2   8   0    1   74682368   0        
73.931099    2   8   -1   1   74682368   0        
74.044142    2   8   0    1   74682368   0        
74.044401    2   8   -1   1   74682368   0        
74.192587    2   8   0    1   74686464   0        
74.192838    2   8   -1   1   74686464   0        
74.453529    2   8   0    1   74862592   0        
74.453753    2   8   -1   1   74862592   0        
74.552532    2   8   0    1   74862592   0        
74.552784    2   8   -1   1   74862592   0        
74.711384    2   8   0    1   74727424   0        
74.711618    2   8   -1   1   74727424   0        
74.967551    2   8   0    1   74727424   0        
74.974166    2   8   -1   1   74727424   0        
75.063176    2   8   0    1   74727424   0        
75.063427    2   8   -1   1   74727424   0        
75.233757    2   8   0    1   74727424   0        
75.234176    2   8   -1   1   74727424   0        
75.494961    2   8   0    1   74764288   0        
75.495296    2   8   -1   1   74764288   0        
75.571179    2   8   0    1   74629120   0        
75.577881    2   8   -1   1   74629120   0        
75.750796    2   8   0    1   74629120   0        
75.751034    2   8   -1   1   74629120   0        
76.014224    2   8   0    1   74629120   0        
76.014452    2   8   -1   1   74629120   0        
76.051549    2   7   -1   1   72323072   -53248   
76.051569    2   6   -1   1   72323072   0        
76.051608    2   5   -1   1   72323072   0        
76.051624    2   4   -1   1   72323072   0        
76.051637    1   4   -1   1   72323072   0        
76.051654    1   4   -1   0   72323072   0        
76.052608    1   4   0    0   72323072   0        
76.052908    1   4   -1   0   72323072   0        
76.05295     1   4   0    0   72323072   0        
76.05317     1   4   -1   0   72323072   0        
76.053213    2   4   -1   0   72323072   0        
76.053528    2   5   -1   0   72323072   0        
76.0539      2   6   -1   0   72323072   0        
76.056048    2   7   -1   0   72323072   0        
76.06765     2   8   -1   0   72323072   0        
76.079533    2   8   0    0   72810496   0        
76.079788    2   8   -1   0   72810496   0        
76.27313     2   8   0    0   72982528   0        
76.273349    2   8   -1   0   72982528   0        
76.533615    2   8   0    0   72982528   0        
76.533858    2   8   -1   0   72982528   0        
76.588761    2   8   0    0   72982528   0        
76.589005    2   8   -1   0   72982528   0        
76.793177    2   8   0    0   72982528   0        
76.793409    2   8   -1   0   72982528   0        
77.049865    2   8   0    0   72982528   0        
77.056591    2   8   -1   0   72982528   0        
77.098672    2   8   0    0   72982528   0        
77.098959    2   8   -1   0   72982528   0        
77.316682    2   8   0    0   72982528   0        
77.316922    2   8   -1   0   72982528   0        
77.577347    2   8   0    0   72982528   0        
77.584307    2   8   -1   0   72982528   0        
77.610311    2   8   0    0   72982528   0        
77.61053     2   8   -1   0   72982528   0        
77.844924    2   8   0    0   72982528   0        
77.845413    2   8   -1   0   72982528   0        
78.106885    2   8   0    0   72982528   0        
78.107177    2   8   -1   0   72982528   0        
78.120283    2   8   0    0   72982528   0        
78.126925    2   8   -1   0   72982528   0        
78.362352    2   8   0    0   72986624   0        
78.368399    2   8   -1   0   72986624   0        
78.624594    2   8   0    0   72986624   0        
78.624855    2   8   -1   0   72986624   0        
78.636441    2   8   0    0   72986624   0        
78.636674    2   8   -1   0   72986624   0        
78.881541    2   8   0    0   72986624   0        
78.881786    2   8   -1   0   72986624   0        
79.1407      2   8   0    0   72986624   0        
79.140987    2   8   -1   0   72986624   0        
79.14129     2   8   0    0   72986624   0        
79.141535    2   8   -1   0   72986624   0        
79.400878    2   8   0    0   72986624   0        
79.401119    2   8   -1   0   72986624   0        
79.648119    2   8   0    0   72986624   0        
79.648352    2   8   -1   0   72986624   0        
79.65888     2   8   0    0   72986624   0        
79.659087    2   8   -1   0   72986624   0        
79.914407    2   8   0    0   72986624   0        
79.914649    2   8   -1   0   72986624   0        
80.156637    2   8   0    0   72986624   0        
80.15688     2   8   -1   0   72986624   0        
80.174606    2   8   0    0   72986624   0        
80.174819    2   8   -1   0   72986624   0        
80.433836    2   8   0    0   72986624   0        
80.43406     2   8   -1   0   72986624   0        
80.665614    2   8   0    0   72986624   0        
80.665856    2   8   -1   0   72986624   0        
80.694705    2   8   0    0   72986624   0        
80.694945    2   8   -1   0   72986624   0        
80.954519    2   8   0    0   72986624   0        
80.954738    2   8   -1   0   72986624   0        
81.172659    2   8   0    0   72986624   0        
81.172903    2   8   -1   0   72986624   0        
81.214281    2   8   0    0   72986624   0        
81.214496    2   8   -1   0   72986624   0        
81.471398    2   8   0    0   72986624   0        
81.47164     2   8   -1   0   72986624   0        
81.680378    2   8   0    0   72986624   0        
81.680605    2   8   -1   0   72986624   0        
81.730781    2   8   0    0   72986624   0        
81.731002    2   8   -1   0   72986624   0        
81.991108    2   8   0    0   72986624   0        
81.991348    2   8   -1   0   72986624   0        
82.185939    2   8   0    0   72986624   0        
82.186243    2   8   -1   0   72986624   0        
82.248764    2   8   0    0   72986624   0        
82.249039    2   8   -1   0   72986624   0        
82.505       2   8   0    0   72986624   0        
82.510316    2   8   -1   0   72986624   0        
82.694321    2   8   0    0   72986624   0        
82.700951    2   8   -1   0   72986624   0        
82.765336    2   8   0    0   72986624   0        
82.765672    2   8   -1   0   72986624   0        
83.0231      2   8   0    0   72986624   0        
83.023398    2   8   -1   0   72986624   0        
83.207575    2   8   0    0   72986624   0        
83.207814    2   8   -1   0   72986624   0        
83.280818    2   8   0    0   72986624   0        
83.281139    2   8   -1   0   72986624   0        
83.537967    2   8   0    0   72986624   0        
83.538228    2   8   -1   0   72986624   0        
83.717013    2   8   0    0   72986624   0        
83.717257    2   8   -1   0   72986624   0        
83.796589    2   8   0    0   72986624   0        
83.796812    2   8   -1   0   72986624   0        
84.053326    2   8   0    0   72986624   0        
84.053689    2   8   -1   0   72986624   0        
84.224881    2   8   0    0   72986624   0        
84.231509    2   8   -1   0   72986624   0        
84.309513    2   8   0    0   72986624   0        
84.309886    2   8   -1   0   72986624   0        
84.566168    2   8   0    0   72986624   0        
84.566383    2   8   -1   0   72986624   0        
84.738062    2   8   0    0   72986624   0        
84.7383      2   8   -1   0   72986624   0        
84.820749    2   8   0    0   72986624   0        
84.821053    2   8   -1   0   72986624   0        
85.080786    2   8   0    0   72986624   0        
85.080996    2   8   -1   0   72986624   0        
85.249122    2   8   0    0   72986624   0        
85.249362    2   8   -1   0   72986624   0        
85.340094    2   8   0    0   72986624   0        
85.340315    2   8   -1   0   72986624   0        
85.599163    2   8   0    0   72986624   0        
85.599406    2   8   -1   0   72986624   0        
85.757969    2   8   0    0   72986624   0        
85.758181    2   8   -1   0   72986624   0        
85.858631    2   8   0    0   72986624   0        
85.858842    2   8   -1   0   72986624   0        
86.120025    2   8   0    0   73809920   0        
86.120266    2   8   -1   0   73809920   0        
86.219229    2   8   -1   1   73809920   0        
86.267006    2   8   0    1   73809920   0        
86.267243    2   8   -1   1   73809920   0        
86.379903    2   8   0    1   74051584   0        
86.380139    2   8   -1   1   74051584   0        
86.638851    2   8   0    1   74055680   0        
86.639092    2   8   -1   1   74055680   0        
86.778001    2   8   0    1   74194944   0        
86.778234    2   8   -1   1   74194944   0        
86.898543    2   8   0    1   74194944   0        
86.898778    2   8   -1   1   74194944   0        
87.157852    2   8   0    1   74194944   0        
87.164882    2   8   -1   1   74194944   0        
87.287234    2   8   0    1   74194944   0        
87.287527    2   8   -1   1   74194944   0        
87.42437     2   8   0    1   74194944   0        
87.424587    2   8   -1   1   74194944   0        
87.682796    2   8   0    1   74194944   0        
87.683039    2   8   -1   1   74194944   0        
87.795516    2   8   0    1   74194944   0        
87.795763    2   8   -1   1   74194944   0        
87.937633    2   8   0    1   74194944   0        
87.938345    2   8   -1   1   74207232   0        
88.189306    2   8   0    1   74350592   0        
88.189572    2   8   -1   1   74350592   0        
88.290111    2   8   0    1   74350592   0        
88.290336    2   8   -1   1   74350592   0        
88.447904    2   8   0    1   74350592   0        
88.448144    2   8   -1   1   74350592   0        
88.644631    2   7   -1   1   72900608   -36864   
88.644648    2   6   -1   1   72900608   0        
88.644689    2   5   -1   1   72900608   0        
88.644721    2   4   -1   1   72900608   0        
88.644735    1   4   -1   1   72900608   0        
88.644754    1   4   -1   0   72900608   0        
88.645442    1   4   0    0   72900608   0        
88.645712    1   4   -1   0   72900608   0        
88.645736    1   4   0    0   72900608   0        
88.645949    1   4   -1   0   72900608   0        
88.64599     2   4   -1   0   72900608   0        
88.646391    2   5   -1   0   72900608   0        
88.646776    2   6   -1   0   72900608   0        
88.649024    2   7   -1   0   72900608   0        
88.663894    2   8   -1   0   72900608   0        
88.704766    2   8   0    0   72970240   0        
88.705005    2   8   -1   0   72970240   0        
88.797618    2   8   0    0   73125888   0        
88.797965    2   8   -1   0   73125888   0        
88.963802    2   8   0    0   73125888   0        
88.970423    2   8   -1   0   73125888   0        
89.227848    2   8   0    0   73175040   0        
89.228218    2   8   -1   0   73175040   0        
89.307095    2   8   0    0   73224192   0        
89.312914    2   8   -1   0   73224192   0        
89.486122    2   8   0    0   73224192   0        
89.48646     2   8   -1   0   73224192   0        
89.746447    2   8   0    0   73273344   0        
89.74666     2   8   -1   0   73273344   0        
89.819495    2   8   0    0   73273344   0        
89.825682    2   8   -1   0   73273344   0        
90.006319    2   8   0    0   73322496   0        
90.01293     2   8   -1   0   73322496   0        
90.270022    2   8   0    0   73371648   0        
90.270312    2   8   -1   0   73371648   0        
90.33116     2   8   0    0   73371648   0        
90.331447    2   8   -1   0   73371648   0        
90.527434    2   8   0    0   73420800   0        
90.527707    2   8   -1   0   73420800   0        
90.784384    2   8   0    0   73469952   0        
90.784632    2   8   -1   0   73469952   0        
90.839445    2   8   0    0   73469952   0        
90.839703    2   8   -1   0   73469952   0        
91.041229    2   8   0    0   73515008   0        
91.041476    2   8   -1   0   73515008   0        
91.29978     2   8   0    0   73568256   0        
91.299999    2   8   -1   0   73568256   0        
91.347248    2   8   0    0   73568256   0        
91.347466    2   8   -1   0   73568256   0        
91.561185    2   8   0    0   73617408   0        
91.56143     2   8   -1   0   73617408   0        
91.820516    2   8   0    0   73617408   0        
91.820763    2   8   -1   0   73617408   0        
91.853715    2   8   0    0   73666560   0        
91.853973    2   8   -1   0   73666560   0        
92.078151    2   8   0    0   73666560   0        
92.078527    2   8   -1   0   73666560   0        
92.314954    2   8   0    0   73715712   0        
92.315252    2   8   -1   0   73715712   0        
92.338003    2   8   0    0   73715712   0        
92.338298    2   8   -1   0   73715712   0        
92.573435    2   8   0    0   73764864   0        
92.573727    2   8   -1   0   73764864   0        
92.833383    2   8   0    0   73814016   0        
92.833705    2   8   -1   0   73814016   0        
92.848229    2   8   0    0   73814016   0        
92.84848     2   8   -1   0   73814016   0        
93.092969    2   8   0    0   73863168   0        
93.093307    2   8   -1   0   73863168   0        
93.347798    2   8   0    0   73863168   0        
93.348181    2   8   -1   0   73863168   0        
93.355877    2   8   0    0   73863168   0        
93.361401    2   8   -1   0   73863168   0        
93.606474    2   8   0    0   73912320   0        
93.606721    2   8   -1   0   73912320   0        
93.864887    2   8   0    0   73961472   0        
93.865136    2   8   -1   0   73961472   0        
93.877448    2   8   0    0   73961472   0        
93.877677    2   8   -1   0   73961472   0        
94.138509    2   8   0    0   74010624   0        
94.13873     2   8   -1   0   74010624   0        
94.371907    2   8   0    0   74059776   0        
94.372156    2   8   -1   0   74059776   0        
94.399509    2   8   0    0   74059776   0        
94.399727    2   8   -1   0   74059776   0        
94.656744    2   8   0    0   74108928   0        
94.656986    2   8   -1   0   74108928   0        
94.882674    2   8   0    0   74158080   0        
94.88314     2   8   -1   0   74158080   0        
94.916944    2   8   0    0   74158080   0        
94.917138    2   8   -1   0   74158080   0        
95.175975    2   8   0    0   74207232   0        
95.182652    2   8   -1   0   74207232   0        
95.391803    2   8   0    0   74256384   0        
95.39213     2   8   -1   0   74256384   0        
95.439947    2   8   0    0   74256384   0        
95.440257    2   8   -1   0   74256384   0        
95.697556    2   8   0    0   74305536   0        
95.697865    2   8   -1   0   74305536   0        
95.902887    2   8   0    0   74354688   0        
95.903124    2   8   -1   0   74354688   0        
95.956757    2   8   0    0   74354688   0        
95.957289    2   8   -1   0   74354688   0        
96.214213    2   8   0    0   74403840   0        
96.214438    2   8   -1   0   74403840   0        
96.409812    2   8   0    0   74452992   0        
96.410104    2   8   -1   0   74452992   0        
96.466583    2   8   0    0   74452992   0        
96.466904    2   8   -1   0   74452992   0        
96.72518     2   8   0    0   74502144   0        
96.725479    2   8   -1   0   74502144   0        
96.919507    2   8   0    0   74502144   0        
96.919869    2   8   -1   0   74502144   0        
96.982096    2   8   0    0   74502144   0        
96.982473    2   8   -1   0   74502144   0        
97.240398    2   8   0    0   74551296   0        
97.240628    2   8   -1   0   74551296   0        
97.428832    2   8   0    0   74600448   0        
97.429083    2   8   -1   0   74600448   0        
97.500638    2   8   0    0   74600448   0        
97.500943    2   8   -1   0   74600448   0        
97.760159    2   8   0    0   74649600   0        
97.765865    2   8   -1   0   74649600   0        
97.934402    2   8   0    0   74698752   0        
97.934655    2   8   -1   0   74698752   0        
98.023019    2   8   0    0   74698752   0        
98.02326     2   8   -1   0   74698752   0        
98.283108    2   8   0    0   74747904   0        
98.283376    2   8   -1   0   74747904   0        
98.44443     2   8   0    0   74747904   0        
98.444672    2   8   -1   0   74747904   0        
98.543944    2   8   0    0   74797056   0        
98.544171    2   8   -1   0   74797056   0        
98.80482     2   8   0    0   75403264   0        
98.805252    2   8   -1   0   75403264   0        
98.85838     2   8   -1   1   75284480   0        
98.953863    2   8   0    1   75292672   0        
98.954135    2   8   -1   1   75292672   0        
99.063623    2   8   0    1   75296768   0        
99.063865    2   8   -1   1   75296768   0        
99.322741    2   8   0    1   75300864   0        
99.322956    2   8   -1   1   75300864   0        
99.460101    2   8   0    1   75300864   0        
99.460401    2   8   -1   1   75300864   0        
99.583781    2   8   0    1   75300864   0        
99.584014    2   8   -1   1   75300864   0        
99.838238    2   8   0    1   75300864   0        
99.838484    2   8   -1   1   75300864   0        
99.969051    2   8   0    1   75300864   0        
99.969287    2   8   -1   1   75300864   0        
100.098611   2   8   0    1   75300864   0        
100.104039   2   8   -1   1   75300864   0        
100.361404   2   8   0    1   75096064   0        
100.361722   2   8   -1   1   75096064   0        
100.478526   2   8   0    1   75096064   0        
100.478891   2   8   -1   1   75096064   0        
100.612266   2   8   0    1   75096064   0        
100.612879   2   8   -1   1   75096064   0        
100.869859   2   8   0    1   75116544   0        
100.870199   2   8   -1   1   75116544   0        
100.978505   2   7   -1   1   72863744   -36864   
100.978524   2   6   -1   1   72863744   0        
100.978565   2   5   -1   1   72863744   0        
100.978582   2   4   -1   1   72863744   0        
100.978595   1   4   -1   1   72863744   0        
100.978616   1   4   -1   0   72863744   0        
100.978728   1   4   0    0   72863744   0        
100.979059   1   4   -1   0   72863744   0        
100.979822   1   4   0    0   72863744   0        
100.980061   1   4   -1   0   72863744   0        
100.981602   1   4   0    0   72863744   0        
100.981906   1   4   -1   0   72863744   0        
100.982164   1   4   -1   1   72867840   0        
101.007953   1   4   0    1   72867840   0        
101.008559   1   4   -1   1   72867840   0        
101.008622   1   4   -1   0   72867840   0        
101.00882    1   4   0    0   72867840   0        
101.009034   1   4   -1   0   72867840   0        
101.009442   1   4   0    0   72867840   0        
101.009672   1   4   -1   0   72867840   0        
101.010829   1   4   0    0   72867840   0        
101.011306   1   4   -1   0   72867840   0        
101.011938   1   4   0    0   72867840   0        
101.012312   1   4   -1   0   72867840   0        
101.027431   1   3   -1   0   70795264   -139264  
101.027454   1   2   -1   0   70795264   0        
101.02752    1   1   -1   0   70795264   0        
101.027541   1   0   -1   0   70795264   0        
101.027556   0   0   -1   0   70795264   0        